20037	0.20	68.978628	0.223661	0.000000	68.978628	634	68.978628
20038	0.20	39.017383	0.250522	0.000000	39.017383	737	39.017383
20039	0.20	18.915457	0.101230	0.000000	18.915457	161	18.915457
20040	0.20	164.806409	0.065981	0.000000	164.806409	14	164.806409
20041	0.20	195.367997	0.043839	0.000000	195.367997	13	195.367997
20042	0.20	156.173859	0.108303	0.000000	156.173859	116	156.173859
20043	0.20	384.962058	0.045531	0.000000	384.962058	26	384.962058
20044	0.20	186.846825	0.319689	0.000000	186.846825	958	186.846825
20045	0.20	103.881266	0.098903	0.000000	103.881266	70	103.881266
20046	0.20	499.126344	0.293200	0.000000	499.126344	627	499.126344
20047	0.20	359.221993	0.277663	0.000000	359.221993	466	359.221993
20048	0.20	603.224725	0.112897	0.000000	603.224725	120	603.224725
20049	0.20	20.000000	0.138272	0.000000	20.000000	80	20.000000
20050	0.20	113.658350	0.469259	0.000000	113.658350	885	113.658350
20051	0.20	135.703119	0.455815	0.000000	135.703119	813	135.703119
20052	0.20	59.434918	0.067941	0.000000	59.434918	0	59.434918
20053	0.20	121.013509	0.076423	0.000000	121.013509	11	121.013509
20054	0.20	182.907046	0.053667	0.000000	182.907046	0	182.907046
20055	0.20	253.382852	0.297147	0.000000	253.382852	682	253.382852
20056	0.20	495.623008	0.246706	0.000000	495.623008	258	495.623008
20057	0.20	305.596616	0.233187	0.000000	305.596616	321	305.596616
20058	0.20	485.621738	0.096855	0.000000	485.621738	16	485.621738
20059	0.20	160.000000	0.033027	0.000000	160.000000	0	160.000000
20060	0.20	663.392677	0.170441	0.000000	663.392677	161	663.392677
20061	0.20	105.114630	0.411816	0.000000	105.114630	1064	105.114630
20062	0.20	22.821265	0.255259	0.000000	22.821265	460	22.821265
20063	0.20	72.000000	0.073210	0.000000	72.000000	6	72.000000
20064	0.20	185.851960	0.240272	0.000000	185.851960	343	185.851960
20065	0.20	285.868415	0.059672	0.000000	285.868415	0	285.868415
20066	0.20	378.431428	0.153573	0.000000	378.431428	185	378.431428
20067	0.20	466.854838	0.233440	0.000000	466.854838	456	466.854838
20068	0.20	334.430699	0.285051	0.000000	334.430699	606	334.430699
20069	0.20	456.527730	0.360652	0.000000	456.527730	770	456.527730
20070	0.20	126.000000	0.047533	0.000000	126.000000	5	126.000000
20071	0.20	389.114006	0.106202	0.000000	389.114006	21	389.114006
20072	0.20	543.931292	0.176536	0.000000	543.931292	150	543.931292
20073	0.20	16.588208	0.190847	0.000000	16.588208	344	16.588208
20074	0.20	322.698783	0.249523	0.000000	322.698783	430	322.698783
20075	0.20	40.000000	0.041982	0.000000	40.000000	0	40.000000
20076	0.20	232.108284	0.126465	0.000000	232.108284	0	232.108284
20077	0.20	150.907046	0.059042	0.000000	150.907046	0	150.907046
20078	0.20	131.366948	0.257936	0.000000	131.366948	553	131.366948
20079	0.20	327.137133	0.211794	0.000000	327.137133	366	327.137133
20080	0.20	49.841721	0.231802	0.000000	49.841721	409	49.841721
20081	0.20	229.043978	0.205614	0.000000	229.043978	264	229.043978
20082	0.20	193.133022	0.094849	0.000000	193.133022	54	193.133022
20083	0.20	397.451282	0.114676	0.000000	397.451282	39	397.451282
20084	0.20	139.599803	0.567227	0.000000	139.599803	1243	139.599803
20085	0.20	2.012384	0.228133	0.000000	2.012384	266	2.012384
20086	0.20	116.397667	0.269304	0.000000	116.397667	361	116.397667
20087	0.20	20.527872	0.060097	0.000000	20.527872	0	20.527872
20088	0.20	429.843215	0.244255	0.000000	429.843215	447	429.843215
20089	0.20	188.851304	0.083308	0.000000	188.851304	20	188.851304
20090	0.20	39.840124	0.086269	0.000000	39.840124	4	39.840124
20091	0.20	308.526600	0.098491	0.000000	308.526600	71	308.526600
20092	0.20	391.018534	0.075697	0.000000	391.018534	14	391.018534
20093	0.20	502.289756	0.631983	0.000000	502.289756	1339	502.289756
20094	0.20	146.686115	0.098854	0.000000	146.686115	69	146.686115
20095	0.20	347.125581	0.161941	0.000000	347.125581	207	347.125581
20096	0.20	208.399419	0.093482	0.000000	208.399419	38	208.399419
20097	0.20	97.040889	0.025686	0.000000	97.040889	0	97.040889
20098	0.20	0.000000	0.036093	0.000000	0.000000	0	0.000000
20099	0.20	248.685143	0.261169	0.000000	248.685143	640	248.685143
20100	0.20	94.486984	0.015013	0.000000	94.486984	0	94.486984
20101	0.20	0.000000	0.102752	0.000000	0.000000	18	0.000000
20102	0.20	278.000000	0.031223	0.000000	278.000000	0	278.000000
20103	0.20	419.355193	0.142671	0.000000	419.355193	187	419.355193
20104	0.20	413.271689	0.410868	0.000000	413.271689	1010	413.271689
20105	0.20	594.055602	0.522309	0.000000	594.055602	1003	594.055602
20106	0.20	407.062519	0.179496	0.000000	407.062519	329	407.062519
20107	0.20	545.063156	0.359392	0.000000	545.063156	435	545.063156
20108	0.20	322.422332	0.140228	0.000000	322.422332	56	322.422332
20109	0.20	1.932169	0.130450	0.000000	1.932169	182	1.932169
20110	0.20	77.000000	0.125677	0.000000	77.000000	0	77.000000
20111	0.20	84.492128	0.126532	0.000000	84.492128	70	84.492128
20112	0.20	198.486984	0.028926	0.000000	198.486984	0	198.486984
20113	0.20	102.529730	0.047447	0.000000	102.529730	0	102.529730
20114	0.20	135.080753	0.115575	0.000000	135.080753	140	135.080753
20115	0.20	236.720502	0.145674	0.000000	236.720502	118	236.720502
20116	0.20	283.157292	0.179376	0.000000	283.157292	89	283.157292
20117	0.20	348.144878	0.325903	0.000000	348.144878	613	348.144878
20118	0.20	228.239583	0.160292	0.000000	228.239583	189	228.239583
20119	0.20	620.075729	0.501271	0.000000	620.075729	1178	620.075729
20120	0.20	140.260187	0.099661	0.000000	140.260187	72	140.260187
20121	0.20	142.590973	0.147121	0.000000	142.590973	142	142.590973
20122	0.20	135.795416	0.192432	0.000000	135.795416	384	135.795416
20123	0.20	126.873659	0.174624	0.000000	126.873659	81	126.873659
20124	0.20	150.464344	0.182578	0.000000	150.464344	141	150.464344
20125	0.20	51.000000	0.044489	0.000000	51.000000	10	51.000000
20126	0.20	192.614768	0.230101	0.000000	192.614768	321	192.614768
20127	0.20	286.838533	0.461189	0.000000	286.838533	1092	286.838533
20128	0.20	561.682039	0.257436	0.000000	561.682039	471	561.682039
20129	0.20	542.114429	0.213647	0.000000	542.114429	212	542.114429
20130	0.20	7.227213	0.143457	0.000000	7.227213	164	7.227213
20131	0.20	441.072023	0.307551	0.000000	441.072023	719	441.072023
20132	0.20	250.609649	0.072801	0.000000	250.609649	0	250.609649
20133	0.20	0.000000	0.265578	0.000000	0.000000	690	0.000000
20134	0.20	120.285747	0.082603	0.000000	120.285747	39	120.285747
20135	0.20	99.717459	0.080060	0.000000	99.717459	28	99.717459
20136	0.20	444.484955	0.178266	0.000000	444.484955	214	444.484955
20137	0.20	171.000000	0.019109	0.000000	171.000000	0	171.000000
20138	0.20	351.894607	0.371662	0.000000	351.894607	930	351.894607
20139	0.20	372.470093	0.318360	0.000000	372.470093	680	372.470093
20140	0.20	261.697799	0.222708	0.000000	261.697799	371	261.697799
20141	0.20	274.676570	0.147894	0.000000	274.676570	0	274.676570
20142	0.20	567.908794	0.116181	0.000000	567.908794	100	567.908794
20143	0.20	65.126422	0.323611	0.000000	65.126422	926	65.126422
20144	0.20	385.042711	0.194373	0.000000	385.042711	265	385.042711
