20289	0.10	12.201389	742.711329	0.000000	12.201389	202903	12.201389
20290	0.10	92.676570	22.579569	0.000000	92.676570	3081	92.676570
20291	0.10	155.076882	3600.000406	0.386287	95.172635	1034698	155.076882
20292	0.10	307.514452	151.836865	0.000000	307.514452	23282	307.514452
20293	0.10	229.196256	4.013394	0.000000	229.196256	1078	229.196256
20294	0.10	0.000000	3.471587	0.000000	0.000000	508	0.000000
20295	0.10	428.803674	457.176418	0.000000	428.803674	172355	428.803674
20296	0.10	418.127587	3600.000436	0.095298	378.281036	893752	418.127587
20297	0.10	316.903426	3600.000340	0.830838	53.608159	513372	316.903426
20298	0.10	1086.558899	152.101398	0.000000	1086.558899	48480	1086.558899
20299	0.10	1308.220635	114.135653	0.000000	1308.220635	33449	1308.220635
20300	0.10	495.697292	523.699286	0.000000	495.697292	152988	495.697292
20301	0.10	100.337644	579.999076	0.000000	100.337644	132779	100.337644
20302	0.10	86.873186	147.955810	0.000000	86.873186	24290	86.873186
20303	0.10	230.785272	3600.000802	0.649314	80.933079	518158	230.785272
20304	0.10	298.995188	665.543720	0.000000	298.995188	127888	298.995188
20305	0.10	447.790363	3600.000428	0.095244	405.141121	551538	447.790363
20306	0.10	571.624470	185.771158	0.000000	571.624470	31431	571.624470
20307	0.10	705.934101	3600.000520	0.186829	574.045045	578127	705.934101
20308	0.10	1350.648896	1521.863903	0.000000	1350.648896	692567	1350.648896
20309	0.10	1367.066640	3600.001180	0.005927	1358.963709	1617410	1367.066640
20310	0.10	1380.328725	222.404885	0.000000	1380.328725	63674	1380.328725
20311	0.10	1064.651929	3600.000279	0.069769	990.372396	521031	1064.651929
20312	0.10	369.257854	58.250664	0.000000	369.257854	17270	369.257854
20313	0.10	68.081430	30.552165	0.000000	68.081430	4332	68.081430
20314	0.10	45.132136	1964.640095	0.000000	45.132136	163330	45.132136
20315	0.10	26.882164	361.945475	0.000000	26.882164	40745	26.882164
20316	0.10	756.564708	1336.258108	0.000000	756.564708	646473	756.564708
20317	0.10	786.534011	977.529918	0.000000	786.534011	108734	786.534011
20318	0.10	253.791994	3600.000510	0.039904	243.664769	871415	253.791994
20319	0.10	908.530555	1613.959171	0.000000	908.530555	938765	908.530555
20320	0.10	817.127397	1201.635208	0.000000	817.127397	283393	817.127397
20321	0.10	1082.563178	712.125663	0.000000	1082.563178	253386	1082.563178
20322	0.10	1290.953698	3600.001653	0.201520	1030.800514	528910	1290.953698
20323	0.10	1503.712842	1197.065152	0.000000	1503.712842	229587	1503.712842
20324	0.10	2223.762892	2779.651913	0.000000	2223.762892	792881	2223.762892
20325	0.10	119.477804	145.160196	0.000000	119.477804	21672	119.477804
20326	0.10	77.622473	318.404874	0.000000	77.622473	68811	77.622473
20327	0.10	140.926391	354.080007	0.000000	140.926391	44223	140.926391
20328	0.10	540.017025	3600.000935	0.092609	490.006574	1125278	540.017025
20329	0.10	378.616182	1302.604428	0.000000	378.616182	133622	378.616182
20330	0.10	88.000000	4.867948	0.000000	88.000000	468	88.000000
20331	0.10	568.287160	1382.246623	0.000000	568.287160	325623	568.287160
20332	0.10	674.476513	3600.000388	0.214174	530.021153	925542	674.476513
20333	0.10	682.266667	294.815114	0.000000	682.266667	99347	682.266667
20334	0.10	979.013657	75.241021	0.000000	979.013657	24633	979.013657
20335	0.10	987.772220	2859.124554	0.000000	987.772220	331989	987.772220
20336	0.10	834.225892	149.179633	0.000000	834.225892	35494	834.225892
20337	0.10	468.769270	3600.000304	0.178838	384.935669	779714	468.769270
20338	0.10	438.167672	1586.764558	0.000000	438.167672	363046	438.167672
20339	0.10	343.934611	3039.785582	0.000000	343.934611	1105822	343.934611
20340	0.10	123.466849	3600.000391	0.373210	77.387792	794984	123.466849
20341	0.10	512.935434	66.696947	0.000000	512.935434	7700	512.935434
20342	0.10	0.000000	12.382957	0.000000	0.000000	1391	0.000000
20343	0.10	463.448956	3600.000906	0.128871	403.723773	363293	463.448956
20344	0.10	1028.400477	2523.131703	0.000000	1028.400477	685232	1028.400477
20345	0.10	1136.622887	3600.000498	0.003098	1133.101497	1005741	1136.622887
20346	0.10	1362.247740	3600.002887	0.075969	1258.759424	609915	1362.247740
20347	0.10	958.674772	3600.001956	0.107074	856.025863	613588	958.674772
20348	0.10	1659.628670	2565.147845	0.000000	1659.628670	934179	1659.628670
20349	0.10	404.522585	1332.625814	0.000000	404.522585	484190	404.522585
20350	0.10	249.651384	3600.000406	0.473031	131.558621	354697	249.651384
20351	0.10	276.590419	3600.001001	0.375743	172.663533	525692	276.590419
20352	0.10	388.932236	143.521921	0.000000	388.932236	47692	388.932236
20353	0.10	212.465876	13.626283	0.000000	212.465876	1190	212.465876
20354	0.10	0.000000	3.072871	0.000000	0.000000	471	0.000000
20355	0.10	1388.687542	3600.000494	0.118391	1224.279839	1070149	1388.687542
20356	0.10	1405.233460	3600.000453	0.005913	1396.924884	634231	1405.233460
20357	0.10	1063.967944	3600.004587	0.013037	1050.096871	977098	1063.967944
20358	0.10	521.335646	122.931593	0.000000	521.335646	33425	521.335646
20359	0.10	542.815164	3600.002313	0.543160	247.979532	690050	542.815164
20360	0.10	1037.653087	3600.001013	0.203626	826.359669	701293	1037.653087
20361	0.10	107.996592	66.073543	0.000000	107.996592	6924	107.996592
20362	0.10	64.356603	29.867221	0.000000	64.356603	2553	64.356603
20363	0.10	95.489754	3600.000416	1.000000	0.000000	154228	95.489754
20364	0.10	411.894341	3600.001726	0.358020	264.427746	308528	411.894341
20365	0.10	268.377012	92.575587	0.000000	268.377012	16329	268.377012
20366	0.10	447.253566	113.968502	0.000000	447.253566	10963	447.253566
20367	0.10	497.897878	690.712984	0.000000	497.897878	140795	497.897878
20368	0.10	919.847041	3600.000844	0.046562	877.016839	630134	919.847041
20369	0.10	428.120218	3600.000528	0.486471	219.851964	562315	428.120218
20370	0.10	1274.108841	189.015043	0.000000	1274.108841	58373	1274.108841
20371	0.10	736.387455	3600.004047	0.246915	554.562114	378524	736.387455
20372	0.10	292.525181	293.088717	0.000000	292.525181	44805	292.525181
20373	0.10	156.915074	386.727660	0.000000	156.915074	59235	156.915074
