2001	0.10	Unknown
2011	0.10	Unknown
2021	0.10	Unknown
2031	0.10	17445.457607	1035.747018	inf	inf	0	-inf
2041	0.10	Unknown
2051	0.10	30876.634459	345.715003	inf	inf	0	-inf
2061	0.10	Unknown
2071	0.10	Unknown
2081	0.10	Unknown
2091	0.10	Unknown
2101	0.10	6811.432857	1036.907511	inf	inf	0	-inf
2111	0.10	34788.267712	234.370342	inf	inf	0	-inf
2121	0.10	46307.280748	261.250430	inf	inf	0	-inf
2131	0.10	Unknown
2141	0.10	Unknown
2151	0.10	8900.026987	1106.551945	inf	inf	0	-inf
2161	0.10	5748.141058	1799.717937	inf	inf	0	-inf
2171	0.10	30676.735007	612.135983	inf	inf	0	-inf
2181	0.10	62929.549490	467.761901	inf	inf	0	-inf
2191	0.10	43990.431751	367.535073	inf	inf	0	-inf
