3001	0.10	15386.469738	104.561566	inf	inf	0	-inf
3011	0.10	14932.360317	106.662928	inf	inf	0	-inf
3021	0.10	21789.810186	121.226158	inf	inf	0	-inf
3031	0.10	Unknown
3041	0.10	Unknown
3051	0.10	Unknown
3061	0.10	Unknown
3071	0.10	14088.797820	1337.175562	inf	inf	0	-inf
3081	0.10	16716.382425	1447.884855	inf	inf	0	-inf
3091	0.10	Unknown
3101	0.10	5477.143167	170.741883	inf	inf	0	-inf
3111	0.10	17555.490874	735.168148	inf	inf	0	-inf
3121	0.10	Unknown
3131	0.10	18046.647741	923.722177	inf	inf	0	-inf
3141	0.10	25394.705355	187.638408	inf	inf	0	-inf
3151	0.10	43286.648754	186.136775	inf	inf	0	-inf
3161	0.10	Unknown
3171	0.10	5054.782584	2835.595958	inf	inf	0	-inf
3181	0.10	Unknown
