2001	0.20	Unknown
2011	0.20	Unknown
2021	0.20	Unknown
2031	0.20	18159.502207	476.040149	inf	inf	0	-inf
2041	0.20	24767.741269	429.680876	inf	inf	0	-inf
2051	0.20	32206.419945	270.865667	inf	inf	0	-inf
2061	0.20	76907.463943	188.792880	inf	inf	0	-inf
2071	0.20	Unknown
2081	0.20	Unknown
2091	0.20	9109.618528	1180.190289	inf	inf	0	-inf
2101	0.20	6856.397705	565.639068	inf	inf	0	-inf
2111	0.20	39061.373423	266.262654	inf	inf	0	-inf
2121	0.20	52652.683870	237.624829	inf	inf	0	-inf
2131	0.20	58226.553205	404.023472	inf	inf	0	-inf
2141	0.20	13421.364267	684.033822	inf	inf	0	-inf
2151	0.20	Unknown
2161	0.20	Unknown
2171	0.20	33316.036468	158.448519	inf	inf	0	-inf
2181	0.20	66883.782183	736.166148	inf	inf	0	-inf
2191	0.20	47387.359000	249.380853	inf	inf	0	-inf
2201	0.20	2578.000000	140.119843	inf	inf	0	-inf
2211	0.20	4157.554674	1020.888280	inf	inf	0	-inf
2221	0.20	Unknown
2231	0.20	24408.326682	84.287789	inf	inf	0	-inf
2241	0.20	Unknown
