3001	0.20	16771.431403	139.526851	inf	inf	0	-inf
3011	0.20	16652.307175	401.136559	inf	inf	0	-inf
3021	0.20	24447.924783	294.175297	inf	inf	0	-inf
3031	0.20	52124.998922	275.519983	inf	inf	0	-inf
3041	0.20	Unknown
3051	0.20	3668.989032	2212.850286	inf	inf	0	-inf
3061	0.20	Unknown
3071	0.20	17603.720737	249.678287	inf	inf	0	-inf
3081	0.20	20742.523552	702.682624	inf	inf	0	-inf
3091	0.20	30117.236761	793.732081	inf	inf	0	-inf
3101	0.20	5784.060211	118.754636	inf	inf	0	-inf
3111	0.20	20157.473726	1239.016424	inf	inf	0	-inf
3121	0.20	14017.659444	1977.100352	inf	inf	0	-inf
3131	0.20	20473.458127	909.619751	inf	inf	0	-inf
3141	0.20	27578.679314	242.754985	inf	inf	0	-inf
3151	0.20	47154.079851	391.045968	inf	inf	0	-inf
3161	0.20	3595.270878	2453.660552	inf	inf	0	-inf
3171	0.20	Unknown
3181	0.20	Unknown
3191	0.20	16202.329479	570.956782	inf	inf	0	-inf
3201	0.20	19913.380238	202.406252	inf	inf	0	-inf
3211	0.20	29148.256973	176.681179	inf	inf	0	-inf
3221	0.20	17965.468850	771.025980	inf	inf	0	-inf
3231	0.20	16990.811967	539.880959	inf	inf	0	-inf
3241	0.20	Unknown
3251	0.20	19951.491315	1476.273397	inf	inf	0	-inf
3261	0.20	14691.575428	1914.698765	inf	inf	0	-inf
3271	0.20	39815.312081	124.282925	inf	inf	0	-inf
