ID;FO;tempo;x
1;2262;201.507000;1
2;1618;140.255000;1
3;2611;220.736000;1
4;1511;164.068000;1
5;2873;135.611000;1
6;3174;140.583000;1
7;2882;137.744000;1
8;999;139.226000;1
9;981;227.375000;1
10;1227;228.401000;1
11;2381;147.509000;1
12;950;213.934000;1
13;2633;185.121000;1
14;2394;133.353000;1
15;2233;149.595000;1
16;2372;144.740000;1
17;1480;226.507000;1
18;3302;148.847000;1
19;2671;139.922000;1
20;580;148.256000;1
21;2403;152.845000;1
22;4229;228.245000;1
23;1134;130.304000;1
24;2209;152.632000;1
25;6134;164.132000;1
26;1483;150.185000;1
27;1217;143.220000;1
28;2641;153.061000;1
29;1393;144.425000;1
30;5321;200.938000;1
31;8484;205.556000;1
32;5804;206.898000;1
33;5914;205.130000;1
34;9723;124.283000;1
35;11056;133.427000;1
36;10295;195.240000;1
37;7008;199.946000;1
38;7353;207.518000;1
39;6117;203.681000;1
40;11435;211.750000;1
41;10947;145.128000;1
42;9875;150.506000;1
43;7388;234.824000;1
44;7819;160.201000;1
45;7649;129.325000;1
46;9492;209.238000;1
47;13787;148.792000;1
48;9114;145.831000;1
49;8960;217.535000;1
50;9470;145.791000;1
51;15235;206.276000;1
52;15918;131.901000;1
53;9881;196.462000;1
54;10298;190.322000;1
55;7731;146.749000;1
56;7575;144.155000;1
57;11299;206.818000;1
58;15216;202.231000;1
59;11099;166.473000;1
60;8202;133.024000;1
61;2403;135.578000;1
62;1874;147.581000;1
63;3104;139.053000;1
64;2089;208.577000;1
65;3211;139.610000;1
66;6184;212.118000;1
67;3782;197.379000;1
68;7737;205.133000;1
69;1053;183.568000;1
70;2262;205.227000;1
71;6565;212.608000;1
72;3496;139.997000;1
73;4740;136.342000;1
74;1444;214.074000;1
75;3241;132.892000;1
76;172;231.296000;1
77;5046;211.428000;1
78;3104;205.497000;1
79;5988;141.878000;1
80;5181;202.131000;1
81;2395;155.053000;1
82;5579;166.178000;1
83;10311;204.953000;1
84;8066;145.457000;1
85;3402;217.183000;1
86;2218;128.971000;1
87;5708;130.140000;1
88;6040;196.438000;1
89;6053;212.093000;1
90;7587;148.443000;1
91;10602;188.144000;1
92;9097;146.209000;1
93;9113;216.989000;1
94;14896;128.150000;1
95;7661;160.083000;1
96;12284;147.668000;1
97;1779;146.510000;1
98;11619;150.895000;1
99;8386;163.188000;1
100;15603;126.936000;1
101;12494;154.097000;1
102;12230;136.035000;1
103;7432;156.017000;1
104;11503;152.855000;1
105;14964;225.409000;1
106;10144;148.470000;1
107;6480;164.557000;1
108;16503;143.796000;1
109;7832;185.812000;1
110;9675;139.249000;1
111;18631;140.107000;1
112;16646;142.906000;1
113;16980;134.052000;1
114;12833;145.986000;1
115;17024;203.066000;1
116;10136;155.595000;1
117;15761;197.490000;1
118;16113;125.970000;1
119;18914;197.322000;1
120;12505;152.010000;1
121;485;231.761000;1
122;850;207.013000;1
123;1224;235.984000;1
124;973;240.561000;1
125;3340;217.901000;1
126;1090;238.814000;1
127;1211;246.498000;1
128;0;1.590000;1
129;1396;231.902000;1
130;1392;211.798000;1
131;4391;252.844000;1
132;1978;306.754000;1
133;1410;265.654000;1
134;1038;270.406000;1
135;2710;214.858000;1
136;1592;235.168000;1
137;2312;210.707000;1
138;149;235.309000;1
139;1447;243.597000;1
140;4159;230.393000;1
141;3029;251.132000;1
142;2260;225.039000;1
143;2071;309.116000;1
144;3087;226.376000;1
145;1476;200.770000;1
146;1678;228.751000;1
147;2956;238.995000;1
148;1702;225.602000;1
149;3071;244.270000;1
150;2398;236.991000;1
151;9402;227.706000;1
152;11647;226.803000;1
153;7864;230.817000;1
154;8369;266.802000;1
155;7681;232.705000;1
156;5694;211.403000;1
157;7785;235.405000;1
158;5485;232.525000;1
159;9073;230.842000;1
160;4299;242.271000;1
161;11719;303.948000;1
162;7153;238.352000;1
163;18707;222.349000;1
164;3952;241.252000;1
165;10746;248.454000;1
166;9309;233.147000;1
167;14465;233.725000;1
168;6803;280.012000;1
169;12302;228.165000;1
170;7520;265.849000;1
171;10600;239.900000;1
172;9287;240.054000;1
173;10907;236.141000;1
174;8123;240.812000;1
175;6665;240.807000;1
176;12742;243.319000;1
177;10065;236.852000;1
178;12034;242.132000;1
179;7155;244.110000;1
180;14854;232.703000;1
181;1278;233.654000;1
182;5124;221.088000;1
183;201;241.760000;1
184;3493;220.014000;1
185;1258;233.638000;1
186;3761;227.713000;1
187;830;242.947000;1
188;1672;232.639000;1
189;2321;247.571000;1
190;127;242.485000;1
191;3590;234.983000;1
192;2259;243.965000;1
193;4729;238.685000;1
194;3037;223.973000;1
195;3484;237.318000;1
196;3369;236.614000;1
197;7401;242.873000;1
198;3805;241.237000;1
199;2464;239.556000;1
200;2782;245.065000;1
201;3597;235.312000;1
202;6815;236.006000;1
203;4999;232.659000;1
204;2229;247.790000;1
205;5990;231.626000;1
206;3365;230.040000;1
207;3658;225.968000;1
208;8964;233.440000;1
209;3380;232.431000;1
210;4224;234.685000;1
211;8727;240.329000;1
212;9035;234.708000;1
213;4496;244.519000;1
214;6548;238.937000;1
215;11927;231.105000;1
216;10316;231.538000;1
217;9141;246.846000;1
218;11141;236.497000;1
219;11600;225.365000;1
220;12944;236.328000;1
221;14177;244.803000;1
222;10902;234.091000;1
223;10588;288.917000;1
224;12879;239.834000;1
225;12973;243.083000;1
226;16777;242.848000;1
227;11519;239.962000;1
228;8387;243.556000;1
229;11054;241.677000;1
230;11627;233.986000;1
231;12020;246.221000;1
232;13048;242.911000;1
233;12511;237.678000;1
234;13797;255.356000;1
235;5777;238.500000;1
236;19864;245.307000;1
237;13140;204.642000;1
238;23442;236.643000;1
239;11729;246.851000;1
240;16414;236.059000;1
241;1244;229.345000;1
242;1613;233.944000;1
243;1231;292.304000;1
244;2060;364.821000;1
245;645;289.463000;1
246;1234;221.312000;1
247;2381;266.346000;1
248;251;267.007000;1
249;1622;263.602000;1
250;537;256.519000;1
251;5265;267.558000;1
252;1685;246.605000;1
253;3092;292.907000;1
254;2717;242.543000;1
255;2559;258.267000;1
256;1931;239.311000;1
257;1973;271.463000;1
258;1433;231.418000;1
259;2809;228.779000;1
260;3369;351.012000;1
261;3692;244.080000;1
262;2016;263.276000;1
263;2787;265.579000;1
264;2722;239.139000;1
265;2479;263.460000;1
266;1336;308.589000;1
267;2849;279.831000;1
268;740;240.643000;1
269;1206;255.898000;1
270;1647;340.207000;1
271;4687;278.413000;1
272;4492;258.801000;1
273;7270;269.316000;1
274;8122;232.878000;1
275;4066;338.482000;1
276;8689;336.693000;1
277;7283;305.372000;1
278;7606;238.243000;1
279;7050;229.056000;1
280;8794;260.380000;1
281;6038;296.801000;1
282;9800;255.328000;1
283;5899;259.365000;1
284;10272;261.003000;1
285;3435;267.854000;1
286;6536;268.570000;1
287;3144;299.006000;1
288;7688;252.570000;1
289;5116;270.570000;1
290;11321;255.774000;1
291;11721;282.257000;1
292;10601;259.208000;1
293;7003;268.335000;1
294;12453;255.524000;1
295;9200;282.704000;1
296;13854;266.519000;1
297;10760;262.446000;1
298;13706;260.049000;1
299;13009;266.870000;1
300;10116;258.304000;1
301;4186;248.681000;1
302;3104;247.066000;1
303;3668;246.967000;1
304;4008;235.045000;1
305;8519;240.892000;1
306;622;311.268000;1
307;5104;243.454000;1
308;1246;264.895000;1
309;4923;258.759000;1
310;2537;274.910000;1
311;4380;255.327000;1
312;4326;286.767000;1
313;10129;320.857000;1
314;4461;264.427000;1
315;4650;260.184000;1
316;2863;234.389000;1
317;5432;236.682000;1
318;4919;288.214000;1
319;2738;267.364000;1
320;7416;256.698000;1
321;4544;266.120000;1
322;4660;257.039000;1
323;4713;259.442000;1
324;7209;261.706000;1
325;2850;263.825000;1
326;8020;246.178000;1
327;4689;271.307000;1
328;3923;260.912000;1
329;6262;262.141000;1
330;4674;275.302000;1
331;2623;272.846000;1
332;9062;308.503000;1
333;6981;239.463000;1
334;10715;249.993000;1
335;6760;326.641000;1
336;10535;271.252000;1
337;7660;255.820000;1
338;13360;280.423000;1
339;5037;273.925000;1
340;9718;269.486000;1
341;9226;246.898000;1
342;8039;270.436000;1
343;8266;305.636000;1
344;14840;267.420000;1
345;11194;244.980000;1
346;7836;243.835000;1
347;3639;248.985000;1
348;10302;316.313000;1
349;14566;260.145000;1
350;8075;281.509000;1
351;16131;254.370000;1
352;9636;271.433000;1
353;16664;252.222000;1
354;12242;273.530000;1
355;15999;249.010000;1
356;9548;285.826000;1
357;17449;253.604000;1
358;8707;272.142000;1
359;12012;247.552000;1
360;11073;251.028000;1
361;1874;272.254000;1
362;464;296.600000;1
363;273;271.647000;1
364;3117;265.868000;1
365;645;273.605000;1
366;668;270.903000;1
367;2160;278.771000;1
368;1361;271.685000;1
369;1744;269.559000;1
370;1777;251.565000;1
371;3174;279.930000;1
372;1198;278.401000;1
373;796;278.718000;1
374;1817;266.009000;1
375;1275;292.309000;1
376;480;271.598000;1
377;1247;274.158000;1
378;1503;267.510000;1
379;1357;285.698000;1
380;1253;267.423000;1
381;2192;285.150000;1
382;1845;284.611000;1
383;2881;286.879000;1
384;1035;272.931000;1
385;931;285.009000;1
386;1210;288.696000;1
387;2176;253.521000;1
388;3626;256.643000;1
389;4180;267.041000;1
390;2078;273.118000;1
391;7334;265.326000;1
392;7035;277.912000;1
393;5628;270.175000;1
394;1573;278.511000;1
395;3386;271.719000;1
396;4610;283.016000;1
397;9941;260.467000;1
398;2663;280.080000;1
399;6639;291.878000;1
400;6051;265.490000;1
401;7798;282.652000;1
402;6374;291.551000;1
403;6364;273.062000;1
404;8344;277.133000;1
405;6195;280.042000;1
406;3769;289.088000;1
407;9531;282.198000;1
408;7579;263.815000;1
409;8103;286.680000;1
410;9192;274.017000;1
411;11155;270.052000;1
412;12609;273.084000;1
413;9450;285.649000;1
414;15718;267.615000;1
415;11569;277.367000;1
416;13383;277.639000;1
417;9771;294.885000;1
418;11103;268.166000;1
419;9972;277.610000;1
420;11343;270.955000;1
421;3751;250.398000;1
422;2599;275.060000;1
423;2016;277.178000;1
424;2579;295.370000;1
425;4546;280.891000;1
426;6184;278.044000;1
427;4027;289.169000;1
428;1596;263.052000;1
429;3361;281.008000;1
430;2237;259.681000;1
431;4892;266.962000;1
432;4081;270.420000;1
433;2174;262.065000;1
434;4683;257.807000;1
435;2129;275.334000;1
436;2084;264.459000;1
437;16;277.978000;1
438;4245;272.561000;1
439;1934;323.303000;1
440;6122;272.770000;1
441;6066;273.197000;1
442;5848;263.890000;1
443;2167;276.648000;1
444;4629;231.902000;1
445;6004;269.515000;1
446;6755;272.525000;1
447;3505;279.267000;1
448;4155;270.908000;1
449;4535;281.125000;1
450;4360;283.473000;1
451;5577;265.546000;1
452;6742;271.968000;1
453;7518;269.004000;1
454;9290;264.559000;1
455;7187;270.290000;1
456;7035;277.885000;1
457;10179;269.689000;1
458;6210;278.013000;1
459;9435;268.908000;1
460;6898;276.850000;1
461;18157;268.739000;1
462;11714;265.074000;1
463;17160;254.763000;1
464;12612;273.555000;1
465;16882;278.081000;1
466;10230;280.103000;1
467;18073;274.909000;1
468;6779;275.812000;1
469;10898;270.675000;1
470;10025;273.065000;1
471;12734;276.378000;1
472;11131;267.993000;1
473;10607;253.168000;1
474;12686;283.540000;1
475;15225;270.486000;1
476;13379;263.639000;1
477;10632;262.860000;1
478;15071;283.446000;1
479;8162;286.814000;1
480;11591;278.586000;1
481;2963;283.106000;1
482;1106;265.136000;1
483;797;345.777000;1
484;748;279.536000;1
485;963;247.578000;1
486;3133;344.781000;1
487;1869;332.265000;1
488;1132;316.425000;1
489;2481;338.587000;1
490;5199;237.431000;1
491;2774;341.424000;1
492;1891;271.335000;1
493;295;270.951000;1
494;3495;338.405000;1
495;2323;245.547000;1
496;2436;339.403000;1
497;3878;322.066000;1
498;3090;267.534000;1
499;4954;339.194000;1
500;1232;317.458000;1
501;2756;234.478000;1
502;2148;360.605000;1
503;3110;273.139000;1
504;1897;239.692000;1
505;5889;330.850000;1
506;826;312.578000;1
507;4208;341.096000;1
508;1979;328.148000;1
509;2839;245.051000;1
510;2866;346.288000;1
511;14090;279.186000;1
512;17441;301.449000;1
513;12960;333.446000;1
514;14269;246.352000;1
515;8942;346.098000;1
516;9750;344.726000;1
517;11377;235.358000;1
518;15760;337.880000;1
519;10558;336.111000;1
520;16241;291.673000;1
521;4231;354.545000;1
522;9105;264.255000;1
523;18901;246.849000;1
524;19972;331.389000;1
525;14472;285.041000;1
526;16846;340.015000;1
527;14036;329.808000;1
528;13004;259.101000;1
529;12602;372.053000;1
530;6954;241.547000;1
531;14532;331.344000;1
532;19321;342.125000;1
533;17076;269.591000;1
534;19128;316.969000;1
535;21594;336.200000;1
536;17831;245.005000;1
537;18622;387.364000;1
538;18547;345.719000;1
539;18049;246.019000;1
540;13651;341.279000;1
541;10066;296.602000;1
542;6396;318.262000;1
543;3949;326.909000;1
544;6543;298.205000;1
545;5883;340.585000;1
546;6066;323.117000;1
547;6140;209.917000;1
548;8799;345.036000;1
549;4169;328.804000;1
550;6999;310.183000;1
551;10839;325.324000;1
552;5613;291.632000;1
553;5523;296.894000;1
554;9285;325.904000;1
555;5108;226.539000;1
556;11046;333.419000;1
557;10275;331.061000;1
558;9401;259.677000;1
559;4111;330.661000;1
560;8203;215.356000;1
561;5812;212.103000;1
562;3600;335.092000;1
563;6067;270.803000;1
564;13356;340.179000;1
565;10365;334.815000;1
566;11934;302.566000;1
567;8014;323.733000;1
568;12804;336.965000;1
569;13996;285.552000;1
570;8918;315.749000;1
571;15239;219.104000;1
572;16923;260.269000;1
573;21530;326.615000;1
574;11776;232.375000;1
575;14494;340.256000;1
576;18823;325.163000;1
577;13707;301.287000;1
578;12393;310.205000;1
579;9786;294.036000;1
580;19659;302.068000;1
581;17960;333.680000;1
582;20359;304.848000;1
583;16416;226.442000;1
584;18616;331.164000;1
585;20105;222.063000;1
586;13837;349.832000;1
587;21745;323.943000;1
588;25804;240.726000;1
589;19815;324.231000;1
590;30616;272.960000;1
591;36070;234.671000;1
592;21219;342.868000;1
593;13304;256.172000;1
594;21468;328.860000;1
595;23375;325.494000;1
596;24792;234.013000;1
597;14315;348.103000;1
598;14827;340.001000;1
599;25459;259.152000;1
600;36486;333.139000;1
601;1972;360.911000;1
602;4299;375.115000;1
603;3475;353.892000;1
604;695;344.744000;1
605;2392;384.899000;1
606;2161;353.452000;1
607;2809;343.799000;1
608;1230;377.554000;1
609;1794;364.975000;1
610;4498;352.985000;1
611;1033;361.250000;1
612;2045;385.063000;1
613;1624;360.670000;1
614;3197;376.305000;1
615;3897;361.451000;1
616;2366;392.725000;1
617;4266;355.679000;1
618;2178;358.260000;1
619;2771;317.116000;1
620;568;339.702000;1
621;7987;362.322000;1
622;2756;363.079000;1
623;6675;375.116000;1
624;2425;351.458000;1
625;1984;373.541000;1
626;4322;368.582000;1
627;2060;369.599000;1
628;2059;386.224000;1
629;5961;350.999000;1
630;3130;354.294000;1
631;9840;355.980000;1
632;5472;368.787000;1
633;9371;394.904000;1
634;14397;367.998000;1
635;9709;456.955000;1
636;9726;376.053000;1
637;11653;387.237000;1
638;8223;363.923000;1
639;10388;373.069000;1
640;13528;347.090000;1
641;16083;344.044000;1
642;18516;347.854000;1
643;15153;350.922000;1
644;14657;358.510000;1
645;9270;354.343000;1
646;16242;372.106000;1
647;15398;376.967000;1
648;10965;379.402000;1
649;9460;378.335000;1
650;6275;380.499000;1
651;15129;348.266000;1
652;8752;353.397000;1
653;21055;351.582000;1
654;11165;349.837000;1
655;12497;395.793000;1
656;16193;373.982000;1
657;14689;354.815000;1
658;21039;366.390000;1
659;10150;381.278000;1
660;11896;376.839000;1
661;3553;359.012000;1
662;3653;344.801000;1
663;8997;317.059000;1
664;2719;357.139000;1
665;6022;334.682000;1
666;5299;345.667000;1
667;8614;356.427000;1
668;2889;384.727000;1
669;6429;378.041000;1
670;4628;365.924000;1
671;4974;378.614000;1
672;11208;393.896000;1
673;8936;369.936000;1
674;10130;334.659000;1
675;4458;356.706000;1
676;6276;344.951000;1
677;7980;346.869000;1
678;11802;360.960000;1
679;5333;346.258000;1
680;4223;357.735000;1
681;5989;373.787000;1
682;8933;339.203000;1
683;6750;379.709000;1
684;7590;356.735000;1
685;4694;345.259000;1
686;11877;333.261000;1
687;8834;355.389000;1
688;10136;343.800000;1
689;17065;350.436000;1
690;6387;399.489000;1
691;11028;396.869000;1
692;18922;377.457000;1
693;21025;360.604000;1
694;11154;381.874000;1
695;9653;383.108000;1
696;13849;354.388000;1
697;18327;346.178000;1
698;10999;347.655000;1
699;18914;336.513000;1
700;20102;342.361000;1
701;35148;366.234000;1
702;22941;354.127000;1
703;13518;373.031000;1
704;9010;355.304000;1
705;28868;358.623000;1
706;20022;377.251000;1
707;19741;372.162000;1
708;15825;349.165000;1
709;7361;340.851000;1
710;11469;360.254000;1
711;10955;359.320000;1
712;23925;357.445000;1
713;20227;333.452000;1
714;16285;373.945000;1
715;31557;369.195000;1
716;23070;361.736000;1
717;20533;359.257000;1
718;19159;366.660000;1
719;27714;345.186000;1
720;33361;346.062000;1
721;3108;373.371000;1
722;1424;436.363000;1
723;4757;401.190000;1
724;1876;396.681000;1
725;2581;378.759000;1
726;2215;502.824000;1
727;867;406.787000;1
728;294;504.553000;1
729;3366;433.841000;1
730;3079;485.560000;1
731;3541;369.709000;1
732;2411;364.025000;1
733;1978;475.323000;1
734;4351;389.886000;1
735;2702;372.546000;1
736;890;387.978000;1
737;2217;382.740000;1
738;1736;378.024000;1
739;3147;379.776000;1
740;2126;505.484000;1
741;1141;534.785000;1
742;3656;365.445000;1
743;2141;364.948000;1
744;2385;384.005000;1
745;2335;404.711000;1
746;1648;420.623000;1
747;3966;390.550000;1
748;3432;384.209000;1
749;3756;397.433000;1
750;678;398.282000;1
751;11534;421.249000;1
752;9238;420.826000;1
753;8575;416.976000;1
754;4769;445.056000;1
755;12305;358.824000;1
756;9848;381.987000;1
757;12171;386.743000;1
758;9727;394.265000;1
759;8833;401.006000;1
760;8927;425.852000;1
761;12200;394.592000;1
762;9561;498.067000;1
763;9889;436.943000;1
764;12786;396.154000;1
765;12657;387.448000;1
766;10648;398.006000;1
767;11839;393.568000;1
768;16798;409.091000;1
769;12248;395.529000;1
770;19480;398.742000;1
771;13529;399.631000;1
772;18439;421.716000;1
773;12598;459.490000;1
774;21574;404.853000;1
775;21572;437.639000;1
776;13039;375.410000;1
777;14740;463.279000;1
778;15735;412.108000;1
779;15796;413.295000;1
780;18748;375.666000;1
781;5019;379.743000;1
782;5166;357.403000;1
783;4289;406.242000;1
784;7560;399.832000;1
785;4904;395.631000;1
786;1864;390.067000;1
787;2605;393.379000;1
788;5075;450.216000;1
789;5808;396.579000;1
790;10382;384.869000;1
791;9676;381.841000;1
792;7246;373.963000;1
793;4877;403.646000;1
794;7754;456.301000;1
795;8173;394.167000;1
796;6457;400.253000;1
797;4020;384.607000;1
798;12374;408.336000;1
799;8981;377.624000;1
800;7673;387.808000;1
801;19954;378.853000;1
802;10526;379.447000;1
803;9593;379.534000;1
804;12155;398.470000;1
805;13808;382.452000;1
806;12080;384.988000;1
807;15105;391.775000;1
808;6675;415.195000;1
809;9092;354.469000;1
810;4981;386.299000;1
811;15682;361.994000;1
812;20226;388.649000;1
813;14864;372.062000;1
814;13805;393.874000;1
815;8783;360.028000;1
816;9468;415.053000;1
817;9584;513.321000;1
818;10099;425.750000;1
819;13776;499.443000;1
820;6979;412.165000;1
821;21744;387.443000;1
822;22296;411.040000;1
823;17353;391.351000;1
824;23530;378.802000;1
825;13286;392.669000;1
826;24403;383.843000;1
827;16153;402.331000;1
828;22224;396.150000;1
829;7929;418.894000;1
830;10508;432.245000;1
831;33209;409.996000;1
832;34943;369.520000;1
833;22067;393.539000;1
834;34848;362.396000;1
835;13654;384.916000;1
836;20785;383.665000;1
837;14670;414.983000;1
838;21607;375.024000;1
839;26635;391.331000;1
840;16866;447.127000;1
841;981;414.037000;1
842;1885;425.098000;1
843;1295;431.869000;1
844;3637;419.883000;1
845;2298;487.090000;1
846;1715;440.405000;1
847;2590;388.839000;1
848;699;441.959000;1
849;2250;415.594000;1
850;2997;416.362000;1
851;1634;414.459000;1
852;2379;426.089000;1
853;1017;399.382000;1
854;1744;455.101000;1
855;4296;417.340000;1
856;4600;555.566000;1
857;2145;396.257000;1
858;4605;423.573000;1
859;1037;403.423000;1
860;1669;420.298000;1
861;1212;436.043000;1
862;3063;419.983000;1
863;2703;449.728000;1
864;5830;476.057000;1
865;5310;438.353000;1
866;6270;409.231000;1
867;1445;432.442000;1
868;1424;391.813000;1
869;2791;512.436000;1
870;1729;527.938000;1
871;6985;427.775000;1
872;13956;415.875000;1
873;6706;448.669000;1
874;17037;386.182000;1
875;8512;471.478000;1
876;9915;430.945000;1
877;9577;422.161000;1
878;9727;413.686000;1
879;9672;430.721000;1
880;8975;420.197000;1
881;11600;445.490000;1
882;21411;413.179000;1
883;19652;439.873000;1
884;14317;425.102000;1
885;9724;422.705000;1
886;12553;444.069000;1
887;11931;403.989000;1
888;13686;419.365000;1
889;7831;447.187000;1
890;14330;449.688000;1
891;24174;430.987000;1
892;18206;447.977000;1
893;19968;427.566000;1
894;9834;423.431000;1
895;20840;421.333000;1
896;15801;420.264000;1
897;17356;389.834000;1
898;18279;435.443000;1
899;20129;441.811000;1
900;8147;461.839000;1
901;2331;388.811000;1
902;7007;429.545000;1
903;5789;427.541000;1
904;5256;492.304000;1
905;2417;392.932000;1
906;4124;419.286000;1
907;8602;411.090000;1
908;2693;412.365000;1
909;3507;417.142000;1
910;6018;419.642000;1
911;7856;407.670000;1
912;4174;420.922000;1
913;4428;434.770000;1
914;6850;439.326000;1
915;4179;420.403000;1
916;3388;411.589000;1
917;10538;408.486000;1
918;7346;441.665000;1
919;5002;445.258000;1
920;4004;391.644000;1
921;13161;426.816000;1
922;4019;471.260000;1
923;16454;429.311000;1
924;6724;409.279000;1
925;14340;404.047000;1
926;14006;418.170000;1
927;5864;411.520000;1
928;5858;404.490000;1
929;5516;418.654000;1
930;12660;439.487000;1
931;19931;416.710000;1
932;11923;529.575000;1
933;20554;416.990000;1
934;10067;426.316000;1
935;14151;438.489000;1
936;15027;394.551000;1
937;17573;406.429000;1
938;9460;461.975000;1
939;13219;410.311000;1
940;21313;400.067000;1
941;24648;436.465000;1
942;20308;432.092000;1
943;14726;414.816000;1
944;13254;402.662000;1
945;19819;410.715000;1
946;15042;435.084000;1
947;18389;413.205000;1
948;19238;448.324000;1
949;24927;420.968000;1
950;14484;420.753000;1
951;25745;433.450000;1
952;23817;442.947000;1
953;27066;398.361000;1
954;29395;431.152000;1
955;59590;404.619000;1
956;17455;428.594000;1
957;30234;418.742000;1
958;18251;411.694000;1
959;29080;422.356000;1
960;21322;482.839000;1
961;2958;669.946000;1
962;7976;748.803000;1
963;7265;683.813000;1
964;2209;718.883000;1
965;2418;683.839000;1
966;3784;693.205000;1
967;1390;698.351000;1
968;9699;702.929000;1
969;4837;689.968000;1
970;5693;718.780000;1
971;307;639.461000;1
972;6871;715.907000;1
973;339;775.558000;1
974;7642;685.309000;1
975;4484;783.293000;1
976;6698;686.121000;1
977;3305;770.543000;1
978;4962;706.749000;1
979;9250;772.202000;1
980;5844;662.141000;1
981;5696;911.543000;1
982;5675;660.079000;1
983;7225;775.735000;1
984;13079;645.715000;1
985;7733;732.037000;1
986;6051;635.899000;1
987;8933;716.727000;1
988;14351;721.294000;1
989;8699;711.718000;1
990;6831;735.492000;1
991;18326;735.808000;1
992;11525;751.148000;1
993;32460;646.491000;1
994;31880;663.112000;1
995;30292;621.846000;1
996;29680;653.543000;1
997;31362;531.810000;1
998;23298;667.362000;1
999;30496;508.389000;1
1000;35928;628.929000;1
1001;29440;514.494000;1
1002;27138;638.817000;1
1003;38678;644.165000;1
1004;34900;582.544000;1
1005;20842;666.294000;1
1006;29140;607.284000;1
1007;44456;649.428000;1
1008;23748;606.113000;1
1009;40008;632.496000;1
1010;48136;600.034000;1
1011;39395;612.626000;1
1012;50612;535.818000;1
1013;53979;640.345000;1
1014;43936;527.541000;1
1015;23547;667.148000;1
1016;40738;494.852000;1
1017;60775;644.997000;1
1018;62113;625.522000;1
1019;37560;604.267000;1
1020;43308;656.368000;1
1021;14388;625.484000;1
1022;15484;581.069000;1
1023;11564;579.643000;1
1024;5160;609.916000;1
1025;20155;608.789000;1
1026;7746;599.605000;1
1027;18032;506.760000;1
1028;10050;718.538000;1
1029;14144;508.662000;1
1030;8595;608.787000;1
1031;17409;491.468000;1
1032;10134;606.005000;1
1033;19700;660.387000;1
1034;10677;643.366000;1
1035;19294;631.261000;1
1036;21006;637.887000;1
1037;29344;648.985000;1
1038;22449;581.253000;1
1039;3180;614.918000;1
1040;22012;638.324000;1
1041;23735;626.326000;1
1042;23687;520.113000;1
1043;27181;593.669000;1
1044;17686;533.762000;1
1045;21762;652.177000;1
1046;33689;621.181000;1
1047;43045;593.877000;1
1048;18512;654.382000;1
1049;38014;617.426000;1
1050;35827;645.018000;1
1051;30565;673.893000;1
1052;27782;649.920000;1
1053;43502;629.969000;1
1054;29963;649.133000;1
1055;44870;599.156000;1
1056;38421;628.976000;1
1057;27230;543.437000;1
1058;42076;609.637000;1
1059;48445;524.431000;1
1060;38556;694.094000;1
1061;71365;665.130000;1
1062;44335;607.318000;1
1063;42840;654.387000;1
1064;49936;611.813000;1
1065;62988;667.983000;1
1066;51335;595.810000;1
1067;54576;695.987000;1
1068;61445;613.480000;1
1069;50952;634.921000;1
1070;70906;597.386000;1
1071;57529;625.283000;1
1072;52170;518.548000;1
1073;44032;633.783000;1
1074;40670;506.034000;1
1075;33699;605.854000;1
1076;83017;629.560000;1
1077;58308;641.272000;1
1078;66607;643.175000;1
1079;49851;644.275000;1
1080;50130;694.897000;1
1081;6388;667.903000;1
1082;6908;737.076000;1
1083;2805;661.952000;1
1084;1687;736.816000;1
1085;6471;688.173000;1
1086;2883;679.115000;1
1087;5783;744.524000;1
1088;5255;643.251000;1
1089;5990;710.446000;1
1090;2354;738.385000;1
1091;8126;680.398000;1
1092;5781;712.945000;1
1093;5308;649.013000;1
1094;2958;699.133000;1
1095;6790;665.236000;1
1096;8914;691.750000;1
1097;5688;713.801000;1
1098;5227;684.199000;1
1099;6532;747.141000;1
1100;6329;656.514000;1
1101;6881;751.901000;1
1102;3942;942.905000;1
1103;7386;756.160000;1
1104;5736;786.464000;1
1105;6660;786.318000;1
1106;9605;743.772000;1
1107;6981;810.590000;1
1108;13684;777.012000;1
1109;10097;716.237000;1
1110;7669;778.863000;1
1111;32978;800.185000;1
1112;21822;877.893000;1
1113;23009;830.864000;1
1114;22260;1045.020000;1
1115;28002;822.253000;1
1116;18859;856.266000;1
1117;32368;872.336000;1
1118;17380;832.825000;1
1119;29717;959.788000;1
1120;14116;817.688000;1
1121;43928;822.629000;1
1122;32493;782.420000;1
1123;33970;843.539000;1
1124;33484;864.403000;1
1125;38222;819.349000;1
1126;22309;916.958000;1
1127;44303;757.240000;1
1128;36394;745.805000;1
1129;29348;701.577000;1
1130;33430;707.125000;1
1131;51803;688.641000;1
1132;34353;655.738000;1
1133;47496;683.528000;1
1134;32050;832.652000;1
1135;43834;834.489000;1
1136;34763;829.374000;1
1137;49875;772.403000;1
1138;54198;877.631000;1
1139;25772;848.995000;1
1140;51295;821.775000;1
1141;13191;713.731000;1
1142;7739;660.189000;1
1143;9735;655.756000;1
1144;8009;676.167000;1
1145;16785;732.603000;1
1146;11728;840.352000;1
1147;22463;742.692000;1
1148;10729;797.815000;1
1149;10912;759.424000;1
1150;16114;817.899000;1
1151;8918;822.176000;1
1152;9487;698.077000;1
1153;24996;692.956000;1
1154;23146;633.552000;1
1155;28697;663.496000;1
1156;24308;741.910000;1
1157;16624;643.702000;1
1158;21758;701.014000;1
1159;21395;639.582000;1
1160;27847;704.081000;1
1161;5724;698.312000;1
1162;31126;730.104000;1
1163;42560;773.986000;1
1164;15350;641.024000;1
1165;7923;649.381000;1
1166;46990;727.674000;1
1167;26402;714.280000;1
1168;38063;716.619000;1
1169;24413;644.366000;1
1170;27357;682.525000;1
1171;29956;672.079000;1
1172;40452;747.929000;1
1173;40353;742.360000;1
1174;48339;675.312000;1
1175;45981;710.344000;1
1176;40208;683.987000;1
1177;18818;720.526000;1
1178;42785;763.103000;1
1179;29039;684.611000;1
1180;30419;715.263000;1
1181;61854;673.349000;1
1182;61758;676.634000;1
1183;45418;838.981000;1
1184;61432;790.552000;1
1185;71476;823.007000;1
1186;53272;843.614000;1
1187;43718;788.170000;1
1188;40573;880.350000;1
1189;48770;664.486000;1
1190;65639;721.246000;1
1191;43306;667.072000;1
1192;50565;700.404000;1
1193;80022;667.450000;1
1194;58301;644.761000;1
1195;42036;773.647000;1
1196;71417;812.819000;1
1197;61302;843.570000;1
1198;72208;817.410000;1
1199;42297;785.822000;1
1200;74351;821.620000;1
1201;2578;741.331000;1
1202;3842;851.129000;1
1203;5520;856.806000;1
1204;9178;855.763000;1
1205;3504;919.301000;1
1206;5268;891.668000;1
1207;3468;903.502000;1
1208;2683;858.861000;1
1209;4608;862.365000;1
1210;2507;953.426000;1
1211;4084;720.243000;1
1212;3080;723.504000;1
1213;4664;741.899000;1
1214;10057;773.999000;1
1215;0;2.081000;1
1216;3544;740.577000;1
1217;5103;727.758000;1
1218;11526;757.098000;1
1219;8461;749.506000;1
1220;2250;753.238000;1
1221;4797;903.390000;1
1222;9729;930.494000;1
1223;6134;855.594000;1
1224;8065;900.531000;1
1225;1413;992.175000;1
1226;8008;886.396000;1
1227;6509;828.780000;1
1228;6550;833.879000;1
1229;15232;936.685000;1
1230;8403;883.916000;1
1231;21766;918.835000;1
1232;16347;943.639000;1
1233;29372;882.190000;1
1234;33269;798.752000;1
1235;24687;752.550000;1
1236;28857;953.275000;1
1237;26690;955.245000;1
1238;28410;833.969000;1
1239;11716;784.335000;1
1240;21900;748.313000;1
1241;41288;804.855000;1
1242;41153;757.782000;1
1243;31286;768.365000;1
1244;22897;805.715000;1
1245;39724;765.876000;1
1246;34935;774.456000;1
1247;34535;707.258000;1
1248;27857;748.014000;1
1249;38879;812.963000;1
1250;39444;739.369000;1
1251;28688;763.676000;1
1252;46311;757.104000;1
1253;38672;779.999000;1
1254;44990;933.061000;1
1255;25707;1021.966000;1
1256;61413;926.556000;1
1257;28442;873.043000;1
1258;38055;836.945000;1
1259;32451;794.315000;1
1260;45140;764.663000;1
1261;11545;738.317000;1
1262;26631;730.321000;1
1263;15118;724.230000;1
1264;24555;768.064000;1
1265;10634;775.831000;1
1266;12871;759.490000;1
1267;14680;715.868000;1
1268;20210;801.954000;1
1269;11791;676.993000;1
1270;19656;712.464000;1
1271;15036;723.810000;1
1272;17646;708.399000;1
1273;22265;741.932000;1
1274;29234;766.906000;1
1275;39339;778.187000;1
1276;31701;781.668000;1
1277;25688;739.892000;1
1278;29302;735.790000;1
1279;13080;735.144000;1
1280;24530;761.164000;1
1281;16528;751.489000;1
1282;42398;717.655000;1
1283;24590;785.688000;1
1284;23024;704.367000;1
1285;28435;775.486000;1
1286;36935;766.184000;1
1287;21915;743.499000;1
1288;29516;792.516000;1
1289;13673;710.411000;1
1290;42824;822.449000;1
1291;45848;885.132000;1
1292;48333;851.141000;1
1293;43988;798.001000;1
1294;49093;767.061000;1
1295;36926;852.451000;1
1296;39177;821.983000;1
1297;27702;866.032000;1
1298;35116;926.504000;1
1299;18743;935.573000;1
1300;32722;939.007000;1
1301;56332;803.738000;1
1302;54326;770.900000;1
1303;73875;830.383000;1
1304;43154;790.868000;1
1305;40036;834.739000;1
1306;54644;728.628000;1
1307;45380;772.001000;1
1308;41507;813.810000;1
1309;61944;735.613000;1
1310;50821;792.542000;1
1311;70567;748.261000;1
1312;60739;774.588000;1
1313;82128;774.441000;1
1314;37732;737.338000;1
1315;65102;736.452000;1
1316;66994;755.431000;1
1317;39795;754.124000;1
1318;42120;831.639000;1
1319;100128;1015.566000;1
1320;64961;891.302000;1
1321;7259;1086.436000;1
1322;2822;808.487000;1
1323;6792;789.652000;1
1324;4155;816.198000;1
1325;8883;763.223000;1
1326;4921;788.151000;1
1327;4366;818.377000;1
1328;2159;790.914000;1
1329;2218;791.148000;1
1330;2647;768.364000;1
1331;8421;891.394000;1
1332;2488;806.630000;1
1333;264;811.931000;1
1334;8083;796.648000;1
1335;6906;894.867000;1
1336;4335;808.579000;1
1337;4109;859.704000;1
1338;6907;818.375000;1
1339;10407;809.128000;1
1340;4227;798.990000;1
1341;13466;801.817000;1
1342;10402;787.366000;1
1343;10825;812.511000;1
1344;5542;805.460000;1
1345;11943;860.411000;1
1346;9887;848.150000;1
1347;10948;792.791000;1
1348;4246;855.184000;1
1349;14614;784.314000;1
1350;13538;841.843000;1
1351;33181;786.689000;1
1352;25679;863.146000;1
1353;26875;800.986000;1
1354;16358;834.323000;1
1355;19882;834.099000;1
1356;21209;809.711000;1
1357;15379;819.060000;1
1358;27996;863.875000;1
1359;23034;829.412000;1
1360;23637;852.395000;1
1361;29711;873.466000;1
1362;19973;796.070000;1
1363;22795;897.788000;1
1364;42139;828.604000;1
1365;35068;807.925000;1
1366;34650;773.345000;1
1367;25351;896.290000;1
1368;37912;986.451000;1
1369;43967;1068.833000;1
1370;29434;960.667000;1
1371;49553;935.623000;1
1372;61138;1027.559000;1
1373;49253;1049.379000;1
1374;34479;787.045000;1
1375;53168;811.275000;1
1376;56906;821.640000;1
1377;57164;795.666000;1
1378;31511;874.554000;1
1379;42229;811.840000;1
1380;38995;832.336000;1
1381;15079;812.239000;1
1382;17406;798.066000;1
1383;8876;806.335000;1
1384;9533;803.725000;1
1385;19749;788.000000;1
1386;8867;775.130000;1
1387;13996;758.989000;1
1388;8006;803.741000;1
1389;21688;777.500000;1
1390;13239;843.508000;1
1391;15054;837.513000;1
1392;16704;803.530000;1
1393;11600;811.703000;1
1394;34864;775.320000;1
1395;18485;791.773000;1
1396;18869;758.326000;1
1397;15851;812.891000;1
1398;20788;732.057000;1
1399;16917;772.124000;1
1400;17952;800.006000;1
1401;15564;805.422000;1
1402;20476;766.521000;1
1403;44769;791.101000;1
1404;17455;764.680000;1
1405;39425;831.145000;1
1406;11083;809.322000;1
1407;27321;813.268000;1
1408;21703;808.890000;1
1409;25969;792.049000;1
1410;28248;869.950000;1
1411;38613;810.915000;1
1412;41925;801.977000;1
1413;41726;818.136000;1
1414;40411;839.352000;1
1415;60606;789.782000;1
1416;47344;935.828000;1
1417;39170;819.851000;1
1418;29092;851.180000;1
1419;34293;813.405000;1
1420;52960;797.368000;1
1421;57550;899.241000;1
1422;41454;812.215000;1
1423;71864;864.883000;1
1424;66662;837.468000;1
1425;47980;906.685000;1
1426;34897;789.864000;1
1427;42976;818.175000;1
1428;59186;801.396000;1
1429;50689;841.838000;1
1430;43141;815.278000;1
1431;72432;814.099000;1
1432;82032;815.588000;1
1433;124863;911.240000;1
1434;37059;811.555000;1
1435;60434;852.349000;1
1436;80495;886.957000;1
1437;43176;886.014000;1
1438;45456;826.449000;1
1439;49616;811.914000;1
1440;73066;867.021000;1
1441;3782;317.460000;1
1442;3191;332.592000;1
1443;0;0.885000;1
1444;4341;327.071000;1
1445;4232;334.278000;1
1446;4912;336.588000;1
1447;3017;332.140000;1
1448;0;1.089000;1
1449;770;350.752000;1
1450;320;354.285000;1
1451;6287;336.471000;1
1452;0;0.943000;1
1453;8795;342.821000;1
1454;1624;344.743000;1
1455;5727;331.021000;1
1456;3162;342.913000;1
1457;5077;339.580000;1
1458;408;350.538000;1
1459;2771;342.051000;1
1460;213;356.886000;1
1461;7746;338.001000;1
1462;5780;347.743000;1
1463;6941;380.725000;1
1464;9168;342.086000;1
1465;6960;341.880000;1
1466;7913;326.353000;1
1467;7378;335.824000;1
1468;6781;308.614000;1
1469;6649;334.252000;1
1470;7586;326.145000;1
1471;9505;348.028000;1
1472;14511;325.305000;1
1473;9390;367.696000;1
1474;21443;331.118000;1
1475;9420;350.373000;1
1476;24988;325.326000;1
1477;13474;342.638000;1
1478;11051;340.779000;1
1479;8335;356.386000;1
1480;20944;323.177000;1
1481;15677;367.346000;1
1482;15899;346.739000;1
1483;15365;350.518000;1
1484;14822;341.479000;1
1485;19132;327.470000;1
1486;24468;330.666000;1
1487;19536;340.552000;1
1488;13491;354.011000;1
1489;26484;325.089000;1
1490;14648;351.648000;1
1491;21834;331.942000;1
1492;19919;347.433000;1
1493;37287;326.101000;1
1494;13177;354.142000;1
1495;26796;314.040000;1
1496;16946;338.657000;1
1497;29454;322.361000;1
1498;25023;354.733000;1
1499;26898;319.512000;1
1500;26476;351.440000;1
1501;6648;320.113000;1
1502;6108;340.006000;1
1503;4356;346.577000;1
1504;1271;343.897000;1
1505;10884;329.242000;1
1506;6109;335.429000;1
1507;3661;336.117000;1
1508;2631;343.314000;1
1509;4423;349.186000;1
1510;7097;336.813000;1
1511;5189;352.978000;1
1512;8951;338.516000;1
1513;3303;353.559000;1
1514;17123;341.540000;1
1515;2358;363.648000;1
1516;18642;330.853000;1
1517;5730;336.691000;1
1518;12999;319.089000;1
1519;9439;354.596000;1
1520;11147;325.410000;1
1521;11036;348.099000;1
1522;12246;318.946000;1
1523;2213;357.340000;1
1524;12370;319.424000;1
1525;8562;353.359000;1
1526;6831;334.056000;1
1527;2631;377.642000;1
1528;13667;352.262000;1
1529;18139;331.811000;1
1530;3777;352.207000;1
1531;18997;344.771000;1
1532;18164;338.445000;1
1533;18522;341.099000;1
1534;9940;356.257000;1
1535;34477;326.029000;1
1536;10292;350.793000;1
1537;12353;351.981000;1
1538;24134;329.934000;1
1539;22492;319.366000;1
1540;27352;343.682000;1
1541;36884;320.364000;1
1542;29191;332.988000;1
1543;22461;340.934000;1
1544;23812;343.724000;1
1545;32432;326.728000;1
1546;17915;349.701000;1
1547;12499;351.081000;1
1548;26559;337.143000;1
1549;26560;333.201000;1
1550;25430;338.991000;1
1551;31472;347.141000;1
1552;18866;345.161000;1
1553;42003;336.530000;1
1554;31575;336.531000;1
1555;16914;355.195000;1
1556;28601;340.712000;1
1557;22530;351.162000;1
1558;32821;339.223000;1
1559;32033;338.190000;1
1560;38410;323.728000;1
1561;2817;416.517000;1
1562;6009;400.185000;1
1563;406;467.695000;1
1564;3672;446.358000;1
1565;0;1.180000;1
1566;372;460.537000;1
1567;0;1.142000;1
1568;0;1.169000;1
1569;4633;410.783000;1
1570;4997;450.695000;1
1571;5997;413.333000;1
1572;6509;427.811000;1
1573;5854;462.838000;1
1574;5089;410.081000;1
1575;3315;410.853000;1
1576;967;479.627000;1
1577;484;424.389000;1
1578;111;481.219000;1
1579;6505;456.852000;1
1580;1374;480.606000;1
1581;3230;396.005000;1
1582;7459;468.753000;1
1583;4958;396.360000;1
1584;7473;421.979000;1
1585;10336;428.282000;1
1586;6023;425.995000;1
1587;7339;421.513000;1
1588;3246;419.702000;1
1589;7169;421.023000;1
1590;4384;455.784000;1
1591;16796;458.967000;1
1592;13571;408.668000;1
1593;15998;393.232000;1
1594;15142;408.754000;1
1595;14383;453.295000;1
1596;14389;408.563000;1
1597;15920;407.783000;1
1598;10926;422.530000;1
1599;5839;471.917000;1
1600;5287;487.788000;1
1601;12772;476.131000;1
1602;19312;406.026000;1
1603;18839;418.257000;1
1604;15650;425.783000;1
1605;15383;415.173000;1
1606;20823;408.322000;1
1607;11241;416.776000;1
1608;22323;458.602000;1
1609;12133;419.361000;1
1610;17212;420.642000;1
1611;19992;429.546000;1
1612;21318;420.647000;1
1613;23521;440.629000;1
1614;30885;424.604000;1
1615;29667;440.333000;1
1616;26547;436.144000;1
1617;26863;437.289000;1
1618;29671;425.981000;1
1619;18547;415.111000;1
1620;25106;422.289000;1
1621;2601;464.898000;1
1622;3208;463.558000;1
1623;3906;437.810000;1
1624;6495;437.783000;1
1625;4057;409.127000;1
1626;5020;411.246000;1
1627;4379;448.024000;1
1628;974;412.734000;1
1629;2301;467.094000;1
1630;2146;429.992000;1
1631;4335;416.659000;1
1632;3314;442.978000;1
1633;7253;408.940000;1
1634;14538;412.049000;1
1635;10013;418.404000;1
1636;8686;445.588000;1
1637;11152;427.281000;1
1638;5601;417.931000;1
1639;11513;415.709000;1
1640;8977;411.050000;1
1641;10802;430.327000;1
1642;7293;446.976000;1
1643;10240;412.960000;1
1644;2161;464.081000;1
1645;10999;425.563000;1
1646;9606;426.911000;1
1647;15438;414.483000;1
1648;17569;437.820000;1
1649;11957;432.985000;1
1650;6641;444.282000;1
1651;16064;476.784000;1
1652;14018;460.416000;1
1653;12133;429.899000;1
1654;11945;467.635000;1
1655;13954;423.663000;1
1656;20015;436.229000;1
1657;19884;445.756000;1
1658;18633;400.615000;1
1659;15854;488.439000;1
1660;16021;412.009000;1
1661;19586;435.141000;1
1662;23693;454.816000;1
1663;9576;433.914000;1
1664;22397;408.570000;1
1665;12767;495.847000;1
1666;21400;411.121000;1
1667;18771;439.296000;1
1668;29529;424.272000;1
1669;20001;462.018000;1
1670;34778;439.461000;1
1671;19087;445.168000;1
1672;21448;446.686000;1
1673;16467;431.557000;1
1674;20789;432.616000;1
1675;18607;398.772000;1
1676;22583;452.948000;1
1677;20602;432.176000;1
1678;23371;435.891000;1
1679;20899;423.343000;1
1680;20039;414.307000;1
1681;3218;466.475000;1
1682;0;1.372000;1
1683;273;531.672000;1
1684;0;1.121000;1
1685;963;485.067000;1
1686;0;1.275000;1
1687;2340;447.856000;1
1688;0;1.218000;1
1689;3039;454.082000;1
1690;0;1.250000;1
1691;10514;456.243000;1
1692;4885;466.279000;1
1693;5387;462.124000;1
1694;140;454.808000;1
1695;4796;460.683000;1
1696;1732;478.827000;1
1697;4740;497.208000;1
1698;5162;548.387000;1
1699;4983;565.901000;1
1700;8017;561.193000;1
1701;3082;588.119000;1
1702;4691;540.303000;1
1703;3151;597.716000;1
1704;5585;482.775000;1
1705;302;477.226000;1
1706;5242;476.798000;1
1707;1440;492.702000;1
1708;6554;549.037000;1
1709;3637;589.879000;1
1710;4455;544.371000;1
1711;5466;552.546000;1
1712;13610;463.179000;1
1713;9969;571.375000;1
1714;13151;533.499000;1
1715;12396;578.263000;1
1716;16906;562.600000;1
1717;3539;585.778000;1
1718;11758;578.489000;1
1719;12336;555.879000;1
1720;10111;576.823000;1
1721;17936;556.912000;1
1722;12712;578.676000;1
1723;19931;544.606000;1
1724;6515;599.579000;1
1725;21652;495.787000;1
1726;6211;494.893000;1
1727;19577;485.942000;1
1728;8307;485.876000;1
1729;19860;481.202000;1
1730;8041;497.089000;1
1731;17437;477.815000;1
1732;16652;492.288000;1
1733;24824;487.283000;1
1734;17943;502.873000;1
1735;23455;491.227000;1
1736;15853;511.354000;1
1737;23255;509.046000;1
1738;24806;521.983000;1
1739;21301;491.173000;1
1740;24737;492.279000;1
1741;3226;461.496000;1
1742;9255;462.953000;1
1743;2444;466.301000;1
1744;3240;527.081000;1
1745;951;478.610000;1
1746;5137;469.986000;1
1747;4892;466.041000;1
1748;4745;469.819000;1
1749;1914;496.221000;1
1750;5154;478.057000;1
1751;8480;486.863000;1
1752;10695;525.069000;1
1753;5692;530.967000;1
1754;9278;491.543000;1
1755;5738;496.551000;1
1756;8502;524.050000;1
1757;3268;483.085000;1
1758;9430;521.775000;1
1759;2692;491.494000;1
1760;4840;494.962000;1
1761;11201;488.974000;1
1762;10978;485.037000;1
1763;8088;499.276000;1
1764;12317;504.667000;1
1765;10736;467.039000;1
1766;11654;489.745000;1
1767;4905;473.630000;1
1768;10099;497.452000;1
1769;12684;482.396000;1
1770;6406;505.470000;1
1771;12145;473.891000;1
1772;9565;557.757000;1
1773;30305;456.370000;1
1774;19723;479.519000;1
1775;23645;542.607000;1
1776;13196;486.498000;1
1777;23024;475.872000;1
1778;14308;561.110000;1
1779;8861;495.486000;1
1780;15406;484.116000;1
1781;16294;522.819000;1
1782;11184;529.119000;1
1783;14804;498.606000;1
1784;16076;516.166000;1
1785;24368;476.041000;1
1786;21812;488.441000;1
1787;22482;486.500000;1
1788;23532;478.191000;1
1789;29726;487.843000;1
1790;25648;473.139000;1
1791;27415;504.470000;1
1792;27732;497.234000;1
1793;36767;513.549000;1
1794;38866;482.334000;1
1795;23178;497.106000;1
1796;25874;488.464000;1
1797;27950;495.603000;1
1798;24671;494.397000;1
1799;28934;517.666000;1
1800;22983;515.100000;1
1801;0;1.532000;1
1802;187;518.801000;1
1803;0;1.597000;1
1804;2473;505.816000;1
1805;98;538.780000;1
1806;143;517.976000;1
1807;0;1.391000;1
1808;3558;501.230000;1
1809;1453;492.348000;1
1810;2508;513.131000;1
1811;0;3.046000;1
1812;1110;519.008000;1
1813;462;531.711000;1
1814;5217;518.059000;1
1815;4721;509.719000;1
1816;6300;519.096000;1
1817;3476;518.008000;1
1818;742;507.355000;1
1819;1414;518.957000;1
1820;6102;515.387000;1
1821;4593;535.065000;1
1822;3616;532.010000;1
1823;3893;530.082000;1
1824;2331;533.424000;1
1825;6538;516.853000;1
1826;2805;535.230000;1
1827;9707;521.565000;1
1828;6114;523.422000;1
1829;9516;522.694000;1
1830;2234;516.743000;1
1831;16309;514.484000;1
1832;12294;514.599000;1
1833;12190;513.550000;1
1834;5257;542.506000;1
1835;13203;526.724000;1
1836;7794;521.880000;1
1837;9962;513.162000;1
1838;12277;510.051000;1
1839;14128;508.044000;1
1840;15906;521.698000;1
1841;19700;546.594000;1
1842;20871;536.187000;1
1843;8414;544.119000;1
1844;18533;519.269000;1
1845;22206;553.293000;1
1846;14813;552.774000;1
1847;7754;552.332000;1
1848;20652;526.847000;1
1849;12159;521.183000;1
1850;20438;522.431000;1
1851;17032;572.331000;1
1852;20817;602.950000;1
1853;14705;633.420000;1
1854;25751;606.566000;1
1855;16103;618.947000;1
1856;19654;575.004000;1
1857;11942;569.138000;1
1858;18130;536.136000;1
1859;29938;539.666000;1
1860;15729;542.864000;1
1861;4818;534.056000;1
1862;4392;533.282000;1
1863;4603;523.123000;1
1864;3828;518.537000;1
1865;3643;544.509000;1
1866;7802;519.423000;1
1867;3660;553.447000;1
1868;1864;521.535000;1
1869;8224;515.160000;1
1870;3523;547.298000;1
1871;11654;527.945000;1
1872;2189;533.476000;1
1873;11340;536.789000;1
1874;1243;552.974000;1
1875;9710;530.649000;1
1876;2213;569.466000;1
1877;6579;546.010000;1
1878;1977;525.475000;1
1879;7181;507.607000;1
1880;4702;542.844000;1
1881;13244;523.159000;1
1882;10825;544.711000;1
1883;9976;518.246000;1
1884;17637;529.471000;1
1885;13675;517.930000;1
1886;10085;542.966000;1
1887;24175;553.286000;1
1888;14913;542.083000;1
1889;11346;520.987000;1
1890;3796;550.825000;1
1891;21070;524.009000;1
1892;16805;518.429000;1
1893;18610;544.461000;1
1894;15382;513.161000;1
1895;10647;621.610000;1
1896;11438;526.155000;1
1897;11808;543.165000;1
1898;14137;522.940000;1
1899;14563;533.714000;1
1900;18373;539.444000;1
1901;15150;549.890000;1
1902;14951;558.816000;1
1903;22637;524.021000;1
1904;19059;515.570000;1
1905;19963;536.617000;1
1906;23419;543.500000;1
1907;17202;537.213000;1
1908;18759;560.094000;1
1909;21332;547.223000;1
1910;16858;550.109000;1
1911;24953;559.532000;1
1912;33329;554.854000;1
1913;30111;526.837000;1
1914;25422;549.529000;1
1915;24090;538.685000;1
1916;16914;557.085000;1
1917;22585;536.962000;1
1918;25427;556.608000;1
1919;16752;522.312000;1
1920;13987;550.281000;1
1921;3750;713.302000;1
1922;4437;642.410000;1
1923;3351;697.145000;1
1924;5285;742.094000;1
1925;8321;625.949000;1
1926;5181;729.324000;1
1927;4218;637.191000;1
1928;10748;628.962000;1
1929;3754;777.736000;1
1930;9488;621.431000;1
1931;12650;673.920000;1
1932;4148;697.496000;1
1933;5184;610.720000;1
1934;7411;706.894000;1
1935;6743;777.360000;1
1936;6675;608.243000;1
1937;3821;832.949000;1
1938;6475;727.576000;1
1939;10607;730.319000;1
1940;2712;797.953000;1
1941;13383;769.508000;1
1942;2064;797.720000;1
1943;8789;712.401000;1
1944;1436;570.024000;1
1945;10297;755.249000;1
1946;15441;692.362000;1
1947;4970;618.599000;1
1948;6410;704.194000;1
1949;4014;647.813000;1
1950;8831;620.814000;1
1951;29269;679.213000;1
1952;22994;642.395000;1
1953;29193;737.036000;1
1954;22625;704.671000;1
1955;19117;607.730000;1
1956;23359;694.110000;1
1957;25702;600.277000;1
1958;32130;642.979000;1
1959;22328;789.249000;1
1960;39491;628.687000;1
1961;41115;613.769000;1
1962;29237;681.606000;1
1963;34041;600.560000;1
1964;32275;746.453000;1
1965;25799;773.632000;1
1966;29492;610.301000;1
1967;31576;709.835000;1
1968;27636;655.189000;1
1969;23064;630.138000;1
1970;28059;683.651000;1
1971;32904;632.936000;1
1972;20531;739.468000;1
1973;39808;705.579000;1
1974;41614;682.165000;1
1975;27216;738.119000;1
1976;26731;616.134000;1
1977;36629;592.107000;1
1978;38460;733.624000;1
1979;30103;622.534000;1
1980;50673;599.636000;1
1981;10077;695.502000;1
1982;17688;618.617000;1
1983;10112;708.689000;1
1984;5753;786.481000;1
1985;12425;623.223000;1
1986;10438;793.535000;1
1987;10908;613.883000;1
1988;15222;626.038000;1
1989;7788;702.028000;1
1990;12766;590.160000;1
1991;13355;703.293000;1
1992;6800;713.886000;1
1993;16639;601.967000;1
1994;14377;784.894000;1
1995;16542;734.034000;1
1996;25459;586.432000;1
1997;18449;692.865000;1
1998;14021;631.660000;1
1999;23716;608.129000;1
2000;17944;688.120000;1
2001;16548;602.912000;1
2002;10802;730.247000;1
2003;13410;688.713000;1
2004;20852;622.444000;1
2005;12724;714.740000;1
2006;12238;648.693000;1
2007;13452;626.202000;1
2008;13943;700.631000;1
2009;26569;598.961000;1
2010;17618;614.425000;1
2011;20201;703.864000;1
2012;21349;613.815000;1
2013;28690;696.053000;1
2014;23393;762.816000;1
2015;21807;599.033000;1
2016;30758;696.980000;1
2017;23368;634.261000;1
2018;34487;649.105000;1
2019;31205;693.845000;1
2020;23168;614.235000;1
2021;24687;710.949000;1
2022;29317;772.469000;1
2023;52438;621.172000;1
2024;31739;700.580000;1
2025;44017;601.438000;1
2026;35789;636.434000;1
2027;35278;744.632000;1
2028;24405;613.830000;1
2029;53004;610.495000;1
2030;28300;743.763000;1
2031;54122;626.903000;1
2032;39506;702.791000;1
2033;56187;700.754000;1
2034;42308;604.713000;1
2035;34242;730.693000;1
2036;35386;625.861000;1
2037;48193;641.517000;1
2038;33953;726.680000;1
2039;42604;592.307000;1
2040;31831;723.981000;1
2041;4443;814.321000;1
2042;8219;739.308000;1
2043;4751;754.134000;1
2044;6834;745.197000;1
2045;4607;766.805000;1
2046;11950;751.046000;1
2047;6920;774.579000;1
2048;3934;791.078000;1
2049;6212;804.166000;1
2050;7881;803.369000;1
2051;4313;823.336000;1
2052;3630;729.269000;1
2053;3805;734.217000;1
2054;5639;763.792000;1
2055;2506;710.680000;1
2056;3846;769.285000;1
2057;5613;763.051000;1
2058;3267;758.994000;1
2059;8087;815.964000;1
2060;4649;785.459000;1
2061;3741;835.835000;1
2062;3453;788.808000;1
2063;5024;736.180000;1
2064;2669;755.867000;1
2065;4765;754.746000;1
2066;9176;761.138000;1
2067;9977;746.579000;1
2068;12378;766.265000;1
2069;6999;770.902000;1
2070;12650;788.181000;1
2071;20456;799.986000;1
2072;31963;785.237000;1
2073;16609;790.456000;1
2074;21309;763.103000;1
2075;25040;718.136000;1
2076;21859;746.137000;1
2077;21179;759.947000;1
2078;19253;760.752000;1
2079;22047;754.751000;1
2080;19064;745.583000;1
2081;22722;807.861000;1
2082;22496;803.892000;1
2083;34962;813.099000;1
2084;14361;851.905000;1
2085;22695;843.799000;1
2086;28100;735.906000;1
2087;33793;715.843000;1
2088;19046;758.570000;1
2089;30329;733.653000;1
2090;23557;783.037000;1
2091;33956;762.275000;1
2092;18137;755.128000;1
2093;35259;812.509000;1
2094;34023;817.724000;1
2095;32049;823.344000;1
2096;38212;836.955000;1
2097;30849;771.302000;1
2098;34720;745.257000;1
2099;32716;738.088000;1
2100;21835;760.773000;1
2101;5864;716.294000;1
2102;13299;803.806000;1
2103;14236;751.447000;1
2104;7342;823.648000;1
2105;12269;819.839000;1
2106;7246;771.746000;1
2107;5266;834.858000;1
2108;9409;803.472000;1
2109;14340;719.217000;1
2110;15179;749.459000;1
2111;21564;717.086000;1
2112;5483;762.532000;1
2113;8416;724.845000;1
2114;7800;801.355000;1
2115;16219;764.148000;1
2116;11598;799.844000;1
2117;15484;786.211000;1
2118;19270;771.710000;1
2119;13275;809.427000;1
2120;10439;753.753000;1
2121;15360;744.058000;1
2122;11348;754.895000;1
2123;11106;814.660000;1
2124;16702;815.143000;1
2125;25151;759.463000;1
2126;9897;800.408000;1
2127;24063;837.625000;1
2128;8953;846.775000;1
2129;16575;791.782000;1
2130;15312;782.948000;1
2131;27045;734.689000;1
2132;29021;721.677000;1
2133;25258;757.581000;1
2134;21283;723.462000;1
2135;25517;731.009000;1
2136;25552;792.140000;1
2137;26726;768.176000;1
2138;29574;851.875000;1
2139;30081;777.879000;1
2140;22909;841.584000;1
2141;27522;788.235000;1
2142;24551;746.090000;1
2143;29908;778.462000;1
2144;43681;741.863000;1
2145;35086;718.132000;1
2146;33754;792.085000;1
2147;53998;756.909000;1
2148;38557;759.922000;1
2149;34906;768.089000;1
2150;40906;808.024000;1
2151;47556;793.308000;1
2152;52338;829.984000;1
2153;34170;827.443000;1
2154;53427;737.379000;1
2155;52250;742.089000;1
2156;32918;744.071000;1
2157;45502;771.391000;1
2158;63610;755.473000;1
2159;45486;788.957000;1
2160;36500;852.210000;1
2161;5711;872.470000;1
2162;2569;836.626000;1
2163;6719;878.390000;1
2164;4441;884.597000;1
2165;4618;828.227000;1
2166;1544;789.796000;1
2167;8063;800.990000;1
2168;3581;809.619000;1
2169;7338;860.097000;1
2170;4100;854.235000;1
2171;6285;854.820000;1
2172;6985;917.431000;1
2173;2725;875.602000;1
2174;9503;861.891000;1
2175;9310;877.742000;1
2176;11164;846.632000;1
2177;3243;828.017000;1
2178;3149;825.945000;1
2179;11424;823.214000;1
2180;6455;922.713000;1
2181;4213;850.128000;1
2182;3804;861.741000;1
2183;3846;865.888000;1
2184;6634;919.777000;1
2185;5756;858.575000;1
2186;13026;879.006000;1
2187;7543;799.434000;1
2188;6774;820.559000;1
2189;5099;801.218000;1
2190;5278;843.951000;1
2191;18447;885.526000;1
2192;22498;889.132000;1
2193;23773;839.983000;1
2194;30210;873.779000;1
2195;19350;907.804000;1
2196;18091;882.532000;1
2197;20322;891.258000;1
2198;17275;901.486000;1
2199;19815;846.774000;1
2200;21530;810.554000;1
2201;20188;835.482000;1
2202;32469;873.438000;1
2203;24549;923.753000;1
2204;26819;861.609000;1
2205;28141;871.466000;1
2206;30223;899.298000;1
2207;25320;916.446000;1
2208;29366;895.081000;1
2209;25546;903.716000;1
2210;24195;826.214000;1
2211;29419;876.730000;1
2212;38850;829.860000;1
2213;29869;873.403000;1
2214;38152;858.270000;1
2215;32666;903.358000;1
2216;28663;888.429000;1
2217;32474;890.426000;1
2218;28505;945.145000;1
2219;30573;911.020000;1
2220;37871;878.008000;1
2221;17309;796.834000;1
2222;11910;840.043000;1
2223;16510;792.875000;1
2224;13710;835.367000;1
2225;11352;865.849000;1
2226;9487;881.375000;1
2227;9954;782.076000;1
2228;12488;873.946000;1
2229;8895;894.205000;1
2230;11244;876.644000;1
2231;17936;848.400000;1
2232;10155;904.025000;1
2233;16919;830.526000;1
2234;10620;947.639000;1
2235;13988;942.715000;1
2236;8017;959.525000;1
2237;11814;1032.335000;1
2238;16515;1055.823000;1
2239;8396;953.696000;1
2240;20173;883.567000;1
2241;18087;882.161000;1
2242;16676;1110.326000;1
2243;21660;1104.720000;1
2244;13912;881.035000;1
2245;14008;847.221000;1
2246;17773;799.854000;1
2247;16157;802.769000;1
2248;16142;874.476000;1
2249;15518;882.526000;1
2250;29053;808.797000;1
2251;21298;934.780000;1
2252;24030;915.400000;1
2253;27241;886.571000;1
2254;29370;876.066000;1
2255;16381;823.515000;1
2256;28203;797.865000;1
2257;26707;829.760000;1
2258;36912;830.006000;1
2259;19483;855.764000;1
2260;34466;846.254000;1
2261;16944;902.644000;1
2262;37792;915.966000;1
2263;34515;880.174000;1
2264;34682;876.912000;1
2265;47312;875.650000;1
2266;31440;826.323000;1
2267;27095;807.261000;1
2268;31225;867.781000;1
2269;36643;814.366000;1
2270;42576;880.051000;1
2271;40868;868.067000;1
2272;61023;881.267000;1
2273;54613;901.620000;1
2274;47770;1070.903000;1
2275;48186;1091.350000;1
2276;39057;1032.195000;1
2277;49163;994.941000;1
2278;52942;825.394000;1
2279;50564;799.689000;1
2280;38189;812.280000;1
2281;5308;924.387000;1
2282;5417;938.452000;1
2283;6654;882.050000;1
2284;7017;897.561000;1
2285;4148;942.177000;1
2286;7725;893.380000;1
2287;3787;881.436000;1
2288;6281;926.315000;1
2289;2102;1011.871000;1
2290;6922;1024.621000;1
2291;11565;1065.870000;1
2292;7393;1051.153000;1
2293;5079;1027.481000;1
2294;7528;960.608000;1
2295;9111;962.095000;1
2296;1019;849.043000;1
2297;2296;915.926000;1
2298;9163;890.762000;1
2299;3111;885.119000;1
2300;8357;925.419000;1
2301;6617;1120.912000;1
2302;7775;913.124000;1
2303;7032;911.827000;1
2304;7982;916.430000;1
2305;3877;957.548000;1
2306;6891;888.079000;1
2307;6262;926.256000;1
2308;4445;897.403000;1
2309;6140;880.425000;1
2310;4882;973.631000;1
2311;18864;1131.666000;1
2312;17950;1113.441000;1
2313;13319;1077.092000;1
2314;16798;940.637000;1
2315;12944;987.581000;1
2316;20000;1007.526000;1
2317;21106;930.424000;1
2318;12442;973.557000;1
2319;14460;1092.566000;1
2320;15022;1121.719000;1
2321;24940;1130.511000;1
2322;17932;1097.589000;1
2323;23222;1078.770000;1
2324;26374;1008.248000;1
2325;21448;945.293000;1
2326;41684;977.244000;1
2327;26193;923.317000;1
2328;25038;992.855000;1
2329;27333;921.068000;1
2330;32016;971.788000;1
2331;30411;908.995000;1
2332;17983;993.378000;1
2333;26238;933.341000;1
2334;32140;965.046000;1
2335;26047;961.787000;1
2336;30341;899.453000;1
2337;30572;974.207000;1
2338;30086;1028.627000;1
2339;32352;931.749000;1
2340;31989;971.623000;1
2341;9791;886.096000;1
2342;13348;921.116000;1
2343;9374;911.258000;1
2344;11099;898.572000;1
2345;7604;963.365000;1
2346;8818;873.249000;1
2347;3872;924.670000;1
2348;14892;941.665000;1
2349;8965;965.598000;1
2350;18766;921.868000;1
2351;9298;996.838000;1
2352;11891;842.237000;1
2353;14036;963.442000;1
2354;19393;929.907000;1
2355;14940;1003.695000;1
2356;18988;894.708000;1
2357;8144;1047.260000;1
2358;10848;920.570000;1
2359;22619;901.062000;1
2360;20561;898.634000;1
2361;9990;954.146000;1
2362;21384;935.836000;1
2363;21761;885.974000;1
2364;14214;942.097000;1
2365;25471;950.372000;1
2366;20065;892.952000;1
2367;19808;950.001000;1
2368;9287;925.590000;1
2369;20714;850.102000;1
2370;18171;966.662000;1
2371;27049;934.499000;1
2372;25600;990.518000;1
2373;22710;934.584000;1
2374;22011;946.705000;1
2375;36069;906.582000;1
2376;16645;998.863000;1
2377;17181;923.847000;1
2378;28642;947.177000;1
2379;24895;916.773000;1
2380;26792;972.134000;1
2381;29206;930.814000;1
2382;25086;923.109000;1
2383;32675;962.852000;1
2384;29568;1012.652000;1
2385;42172;959.705000;1
2386;48227;907.849000;1
2387;27648;985.575000;1
2388;29491;991.691000;1
2389;23540;968.726000;1
2390;45801;899.922000;1
2391;35366;1023.396000;1
2392;45567;1021.121000;1
2393;55201;964.591000;1
2394;54966;927.098000;1
2395;38720;996.968000;1
2396;38150;936.077000;1
2397;25299;987.040000;1
2398;50403;908.278000;1
2399;43972;971.372000;1
2400;51999;939.102000;1
2401;6766;1505.745000;1
2402;5580;1680.883000;1
2403;6386;1653.024000;1
2404;12765;1844.895000;1
2405;7518;1809.899000;1
2406;8473;1656.923000;1
2407;8524;1865.418000;1
2408;9526;1810.343000;1
2409;9268;1724.316000;1
2410;6317;1832.489000;1
2411;9635;1820.125000;1
2412;7068;1599.526000;1
2413;8435;1763.619000;1
2414;11627;1617.187000;1
2415;10801;1752.475000;1
2416;5187;1663.293000;1
2417;12151;1752.048000;1
2418;7598;1646.257000;1
2419;10546;1786.305000;1
2420;24506;1882.056000;1
2421;21742;1681.018000;1
2422;17595;1915.838000;1
2423;10402;1787.955000;1
2424;11068;1738.453000;1
2425;15162;1750.350000;1
2426;20070;1911.414000;1
2427;11796;1914.847000;1
2428;19873;2215.223000;1
2429;12455;2016.517000;1
2430;7094;2266.836000;1
2431;48950;2101.530000;1
2432;39428;2100.009000;1
2433;39348;1802.886000;1
2434;39161;2213.526000;1
2435;43321;2429.102000;1
2436;49193;2201.186000;1
2437;33523;2002.107000;1
2438;32596;1844.781000;1
2439;35272;1884.109000;1
2440;63491;1750.191000;1
2441;50337;2115.192000;1
2442;75331;2170.422000;1
2443;44245;2429.194000;1
2444;73731;1938.068000;1
2445;63813;1948.272000;1
2446;58315;1672.237000;1
2447;57721;2006.592000;1
2448;57670;1636.735000;1
2449;75330;1797.496000;1
2450;48899;2008.820000;1
2451;90458;1817.367000;1
2452;93095;1858.831000;1
2453;79969;1824.372000;1
2454;57959;1887.832000;1
2455;85850;1770.130000;1
2456;71278;1845.635000;1
2457;46678;1794.277000;1
2458;89544;1826.797000;1
2459;75426;1737.549000;1
2460;88329;1943.339000;1
2461;26616;1436.808000;1
2462;14847;1807.769000;1
2463;27520;1587.219000;1
2464;14455;1630.236000;1
2465;26026;1828.778000;1
2466;34471;1753.902000;1
2467;37158;1877.959000;1
2468;18197;1654.307000;1
2469;20392;1768.169000;1
2470;25595;1701.871000;1
2471;32792;1758.138000;1
2472;45871;1587.999000;1
2473;33289;1796.662000;1
2474;36684;1722.058000;1
2475;22949;1635.047000;1
2476;32595;1573.871000;1
2477;28429;1747.758000;1
2478;37180;1570.317000;1
2479;32867;1779.221000;1
2480;44005;1757.068000;1
2481;57783;1757.170000;1
2482;33348;1754.881000;1
2483;57259;1705.723000;1
2484;44932;1759.776000;1
2485;62148;1733.061000;1
2486;29743;1714.973000;1
2487;40941;1767.735000;1
2488;56203;1662.220000;1
2489;29418;1745.240000;1
2490;27506;1727.157000;1
2491;68739;1698.345000;1
2492;68157;1890.294000;1
2493;73105;1752.222000;1
2494;75023;1823.428000;1
2495;62083;1989.164000;1
2496;58857;1713.224000;1
2497;38968;1913.993000;1
2498;77284;1764.076000;1
2499;63951;1940.289000;1
2500;44501;1708.458000;1
2501;77925;1967.481000;1
2502;84178;1724.571000;1
2503;122399;1795.245000;1
2504;99994;1672.948000;1
2505;106205;1861.893000;1
2506;68710;1650.555000;1
2507;85924;1864.641000;1
2508;90806;1601.206000;1
2509;126968;1859.480000;1
2510;80215;1847.951000;1
2511;132082;1762.602000;1
2512;102716;2000.717000;1
2513;101784;1863.728000;1
2514;127364;1789.660000;1
2515;117246;1793.090000;1
2516;97127;1850.631000;1
2517;138999;1825.504000;1
2518;119522;1832.897000;1
2519;110486;1769.220000;1
2520;99041;1935.835000;1
2521;7577;1845.252000;1
2522;6875;2033.142000;1
2523;10670;2060.532000;1
2524;5405;2041.872000;1
2525;9820;2130.136000;1
2526;8454;1910.193000;1
2527;11064;1987.939000;1
2528;11504;1999.333000;1
2529;5603;1916.215000;1
2530;7187;2003.121000;1
2531;6512;1942.449000;1
2532;7010;2219.296000;1
2533;6499;2360.194000;1
2534;6384;1977.982000;1
2535;4357;1916.547000;1
2536;8556;1809.793000;1
2537;8622;1971.761000;1
2538;6408;1766.699000;1
2539;16824;2072.063000;1
2540;13567;2063.860000;1
2541;11800;1958.562000;1
2542;15467;1885.320000;1
2543;13658;1822.876000;1
2544;11982;1929.881000;1
2545;10008;2124.350000;1
2546;8769;1947.836000;1
2547;1912;1908.707000;1
2548;12714;1789.278000;1
2549;11276;2137.605000;1
2550;27507;2179.100000;1
2551;41586;2074.528000;1
2552;45089;2090.509000;1
2553;40637;2053.880000;1
2554;56879;2006.514000;1
2555;31648;2094.681000;1
2556;53168;2083.517000;1
2557;71688;2119.880000;1
2558;24057;2088.943000;1
2559;48723;2088.699000;1
2560;46776;1970.384000;1
2561;65163;1969.737000;1
2562;57007;2170.799000;1
2563;58512;1970.564000;1
2564;66591;2184.321000;1
2565;45530;1973.005000;1
2566;48990;2115.970000;1
2567;45977;2139.446000;1
2568;50734;2101.566000;1
2569;50802;2220.132000;1
2570;55918;1950.340000;1
2571;63092;2053.035000;1
2572;70010;2245.834000;1
2573;63634;2004.723000;1
2574;78571;2105.640000;1
2575;71452;1965.621000;1
2576;78824;2085.093000;1
2577;110280;2168.668000;1
2578;80719;1939.385000;1
2579;54979;2573.226000;1
2580;73856;2454.925000;1
2581;17780;2273.433000;1
2582;23563;2005.477000;1
2583;26872;1965.861000;1
2584;23121;1929.329000;1
2585;16989;1959.984000;1
2586;30140;1909.825000;1
2587;31286;1862.611000;1
2588;28313;1875.195000;1
2589;31852;2016.124000;1
2590;24862;1810.473000;1
2591;35244;1916.280000;1
2592;27714;1947.457000;1
2593;20233;1955.456000;1
2594;17356;1797.380000;1
2595;39762;2002.747000;1
2596;46800;2007.624000;1
2597;21281;1747.569000;1
2598;23075;1929.977000;1
2599;46849;2080.656000;1
2600;26087;1770.373000;1
2601;48261;1970.698000;1
2602;49674;1861.698000;1
2603;26234;1915.847000;1
2604;62782;2042.761000;1
2605;49643;1944.692000;1
2606;50870;2011.787000;1
2607;29624;2006.327000;1
2608;26110;2082.140000;1
2609;63175;1712.534000;1
2610;40157;1857.012000;1
2611;59571;2277.746000;1
2612;48382;2030.725000;1
2613;55559;1874.794000;1
2614;74484;1929.536000;1
2615;57944;2068.432000;1
2616;50523;2141.028000;1
2617;70508;1999.308000;1
2618;78655;2126.104000;1
2619;50403;2125.196000;1
2620;90243;2291.253000;1
2621;93042;2252.699000;1
2622;88172;2405.885000;1
2623;77924;2548.321000;1
2624;105118;2075.299000;1
2625;80600;1999.415000;1
2626;78854;2228.763000;1
2627;70468;2105.030000;1
2628;114309;2081.237000;1
2629;68993;1968.589000;1
2630;111742;2046.161000;1
2631;96301;2239.875000;1
2632;135681;1981.843000;1
2633;130485;2191.632000;1
2634;114429;2035.509000;1
2635;117339;2215.714000;1
2636;122952;1966.675000;1
2637;110740;1954.328000;1
2638;111814;2119.484000;1
2639;97590;1955.127000;1
2640;124001;2232.498000;1
2641;5971;2202.265000;1
2642;10728;2523.966000;1
2643;7517;2814.930000;1
2644;8648;2175.637000;1
2645;7729;2219.022000;1
2646;12891;2046.209000;1
2647;14405;2091.958000;1
2648;5424;2059.396000;1
2649;9265;2288.859000;1
2650;5350;2704.820000;1
2651;3616;2108.822000;1
2652;5615;2119.245000;1
2653;831;2446.274000;1
2654;5275;2271.298000;1
2655;4305;2234.917000;1
2656;15734;2154.727000;1
2657;10649;2027.048000;1
2658;10363;2169.976000;1
2659;6347;2136.734000;1
2660;7327;2217.856000;1
2661;14529;2095.666000;1
2662;19007;2195.446000;1
2663;12964;2048.038000;1
2664;19533;2173.089000;1
2665;18499;2333.257000;1
2666;19365;2038.929000;1
2667;12511;2217.200000;1
2668;16089;2068.913000;1
2669;14244;2171.754000;1
2670;11868;2191.398000;1
2671;36991;2139.487000;1
2672;50977;2295.481000;1
2673;48201;2144.888000;1
2674;52002;2212.526000;1
2675;34015;2416.731000;1
2676;34959;2307.472000;1
2677;45216;2510.304000;1
2678;44663;2445.910000;1
2679;46032;2511.107000;1
2680;37049;2662.163000;1
2681;56664;2283.823000;1
2682;56434;2250.461000;1
2683;68804;2138.440000;1
2684;57279;2322.555000;1
2685;49537;2175.081000;1
2686;47344;2259.939000;1
2687;43384;2303.228000;1
2688;73494;2179.668000;1
2689;52105;2192.353000;1
2690;32338;2202.388000;1
2691;75215;2225.805000;1
2692;88576;2442.044000;1
2693;92429;2312.593000;1
2694;101058;2194.832000;1
2695;66870;2209.581000;1
2696;80594;2419.973000;1
2697;57673;2464.229000;1
2698;90052;2632.422000;1
2699;87631;2695.207000;1
2700;66659;2654.028000;1
2701;33589;2269.374000;1
2702;20653;2300.732000;1
2703;17035;2309.336000;1
2704;28376;2651.911000;1
2705;24386;2552.920000;1
2706;19770;2246.146000;1
2707;21469;2128.009000;1
2708;25797;2165.229000;1
2709;16301;2086.706000;1
2710;26014;2094.933000;1
2711;27954;2324.941000;1
2712;23318;2121.079000;1
2713;51456;2283.710000;1
2714;17186;2165.215000;1
2715;27853;2037.881000;1
2716;27918;2142.231000;1
2717;31204;1875.371000;1
2718;47387;2140.799000;1
2719;30107;2077.744000;1
2720;33212;2087.153000;1
2721;66056;2162.537000;1
2722;53012;2216.984000;1
2723;53003;2247.909000;1
2724;59470;2314.803000;1
2725;19911;2076.806000;1
2726;50573;2070.097000;1
2727;28037;2065.331000;1
2728;38230;2092.456000;1
2729;50680;2114.977000;1
2730;41193;2100.804000;1
2731;41005;2213.669000;1
2732;63246;2068.237000;1
2733;66455;2347.628000;1
2734;36480;2230.935000;1
2735;60783;2190.395000;1
2736;42460;2344.586000;1
2737;65069;2318.317000;1
2738;63815;2249.164000;1
2739;61530;2136.124000;1
2740;79568;2189.368000;1
2741;95006;2200.798000;1
2742;76272;2149.951000;1
2743;91383;2300.528000;1
2744;81515;2259.705000;1
2745;98923;2308.933000;1
2746;81834;2363.074000;1
2747;104635;2286.781000;1
2748;106829;2389.610000;1
2749;69437;2275.502000;1
2750;70243;2345.795000;1
2751;151529;2173.214000;1
2752;101872;2381.899000;1
2753;87669;2299.125000;1
2754;103603;2155.486000;1
2755;87020;2334.168000;1
2756;111389;2239.884000;1
2757;135329;2346.559000;1
2758;97367;2328.490000;1
2759;142121;2135.486000;1
2760;94951;2358.267000;1
2761;11067;2595.565000;1
2762;10094;2468.678000;1
2763;4835;2347.991000;1
2764;4421;2358.506000;1
2765;8907;2319.462000;1
2766;7126;2346.136000;1
2767;9027;2312.352000;1
2768;9495;2198.696000;1
2769;4066;2490.927000;1
2770;1226;2242.338000;1
2771;12652;2407.118000;1
2772;14449;2222.968000;1
2773;22113;2210.136000;1
2774;6857;2281.929000;1
2775;11649;2216.668000;1
2776;8721;2270.158000;1
2777;10594;2282.229000;1
2778;8813;2189.650000;1
2779;10847;2273.184000;1
2780;14858;2364.467000;1
2781;17127;2373.308000;1
2782;29566;2459.963000;1
2783;8012;2292.931000;1
2784;13214;2279.762000;1
2785;8576;2374.883000;1
2786;17430;2544.824000;1
2787;3673;2294.101000;1
2788;10750;2242.783000;1
2789;6288;2266.100000;1
2790;11278;2195.887000;1
2791;23910;2313.984000;1
2792;32719;2383.422000;1
2793;41320;2484.044000;1
2794;29283;2402.527000;1
2795;41516;2402.526000;1
2796;57965;2430.630000;1
2797;48427;2570.155000;1
2798;41702;2475.058000;1
2799;51147;2505.393000;1
2800;40650;2411.206000;1
2801;86471;2431.253000;1
2802;47673;2424.040000;1
2803;48244;2567.729000;1
2804;38060;2387.151000;1
2805;56479;2453.595000;1
2806;70311;2296.619000;1
2807;65704;2369.296000;1
2808;33281;2685.544000;1
2809;59823;2488.042000;1
2810;40564;2350.782000;1
2811;77234;2496.842000;1
2812;89173;2384.384000;1
2813;59382;2427.619000;1
2814;57012;2340.001000;1
2815;81520;2474.954000;1
2816;80027;2353.050000;1
2817;71150;2204.144000;1
2818;70406;2443.477000;1
2819;64984;2303.631000;1
2820;85741;2452.302000;1
2821;27466;2321.111000;1
2822;29576;2373.172000;1
2823;24979;2402.349000;1
2824;40913;2199.408000;1
2825;56376;2424.237000;1
2826;21354;2266.449000;1
2827;21169;2523.785000;1
2828;17505;2361.792000;1
2829;27798;2347.044000;1
2830;17495;2405.651000;1
2831;38963;2402.647000;1
2832;15602;2282.809000;1
2833;44242;2366.134000;1
2834;26718;2136.658000;1
2835;36361;2490.536000;1
2836;29345;2155.736000;1
2837;53915;2072.931000;1
2838;20194;2497.522000;1
2839;38753;2230.489000;1
2840;31453;2395.808000;1
2841;30238;2061.133000;1
2842;42525;2200.527000;1
2843;23750;2168.364000;1
2844;57811;2302.966000;1
2845;39170;2250.990000;1
2846;52058;2388.272000;1
2847;48962;2207.523000;1
2848;39935;2107.821000;1
2849;40128;2131.725000;1
2850;36718;2246.595000;1
2851;60722;2460.751000;1
2852;86564;2336.143000;1
2853;73015;2460.951000;1
2854;53576;2387.425000;1
2855;64199;2367.485000;1
2856;79405;2282.204000;1
2857;49857;2555.044000;1
2858;70029;2357.927000;1
2859;65730;2556.401000;1
2860;89206;2385.625000;1
2861;76365;2596.897000;1
2862;60625;2472.196000;1
2863;113422;2509.980000;1
2864;99670;2205.480000;1
2865;87022;2606.557000;1
2866;67292;2396.216000;1
2867;94596;2302.573000;1
2868;107139;2494.174000;1
2869;121049;2354.577000;1
2870;125025;2500.615000;1
2871;124936;2371.389000;1
2872;103621;2674.521000;1
2873;142014;2526.123000;1
2874;125778;2632.429000;1
2875;154966;2420.819000;1
2876;98653;2537.845000;1
2877;122802;2424.513000;1
2878;160734;2510.416000;1
2879;125200;2361.290000;1
2880;101732;2514.027000;1
2881;0;4.664000;1
2882;0;4.930000;1
2883;0;4.603000;1
2884;0;4.874000;1
2885;0;4.996000;1
2886;0;5.080000;1
2887;0;4.923000;1
2888;0;4.705000;1
2889;0;5.228000;1
2890;0;4.770000;1
2891;0;4.738000;1
2892;219;1844.417000;1
2893;0;5.072000;1
2894;302;1852.488000;1
2895;0;4.562000;1
2896;730;1819.967000;1
2897;0;4.798000;1
2898;0;4.963000;1
2899;0;4.892000;1
2900;0;4.895000;1
2901;83;1959.335000;1
2902;663;1961.047000;1
2903;1407;1900.178000;1
2904;3198;1875.970000;1
2905;349;1937.751000;1
2906;633;1900.636000;1
2907;4912;1902.303000;1
2908;0;5.176000;1
2909;0;4.733000;1
2910;0;4.628000;1
2911;30331;1911.259000;1
2912;22797;1982.202000;1
2913;38633;1759.532000;1
2914;17779;1961.172000;1
2915;35045;1856.985000;1
2916;36176;1915.062000;1
2917;53788;1735.049000;1
2918;30955;1942.087000;1
2919;32799;1873.377000;1
2920;36708;1887.266000;1
2921;40239;1914.799000;1
2922;34406;1965.086000;1
2923;27300;1974.255000;1
2924;32223;1990.487000;1
2925;42596;1849.686000;1
2926;51688;1863.301000;1
2927;27412;1933.675000;1
2928;39233;1887.539000;1
2929;44681;1920.366000;1
2930;40361;1918.096000;1
2931;38061;1935.877000;1
2932;51504;1940.099000;1
2933;34624;1998.848000;1
2934;55564;1962.389000;1
2935;61555;1899.996000;1
2936;68677;1894.003000;1
2937;45695;2148.038000;1
2938;72245;1877.329000;1
2939;47931;1942.235000;1
2940;76894;1941.599000;1
2941;3304;1823.711000;1
2942;1621;2122.026000;1
2943;2949;1954.563000;1
2944;14527;1861.170000;1
2945;3012;1886.605000;1
2946;7445;1816.018000;1
2947;2262;1820.499000;1
2948;822;1877.748000;1
2949;3988;1871.941000;1
2950;1999;1833.200000;1
2951;2715;1951.210000;1
2952;2095;1875.111000;1
2953;12820;1892.415000;1
2954;2790;1962.406000;1
2955;6600;1890.711000;1
2956;19370;1847.735000;1
2957;18252;1802.168000;1
2958;12536;1859.729000;1
2959;12763;1824.869000;1
2960;6929;1922.493000;1
2961;20485;1870.023000;1
2962;7083;1877.203000;1
2963;19088;1940.430000;1
2964;9557;1924.337000;1
2965;17251;1896.230000;1
2966;8638;1919.379000;1
2967;13277;1846.146000;1
2968;21712;1853.401000;1
2969;34145;1819.967000;1
2970;10294;1903.111000;1
2971;54878;1921.787000;1
2972;35877;1848.775000;1
2973;30607;1878.246000;1
2974;40873;1898.078000;1
2975;50869;1941.092000;1
2976;38932;2017.303000;1
2977;24980;1924.967000;1
2978;57722;1959.590000;1
2979;29961;1908.461000;1
2980;44581;1844.282000;1
2981;55306;1833.862000;1
2982;41088;1977.943000;1
2983;72029;1849.011000;1
2984;77208;1870.171000;1
2985;48522;1896.860000;1
2986;59731;1898.276000;1
2987;55943;1942.997000;1
2988;49390;1948.007000;1
2989;83383;1877.331000;1
2990;80565;1780.599000;1
2991;56042;1871.905000;1
2992;73043;1837.584000;1
2993;68102;1830.569000;1
2994;74604;1857.082000;1
2995;50323;1896.378000;1
2996;51579;1964.287000;1
2997;56991;1938.085000;1
2998;81168;1890.029000;1
2999;57528;1901.126000;1
3000;70185;1903.060000;1
3001;0;5.248000;1
3002;0;5.204000;1
3003;0;4.893000;1
3004;0;5.124000;1
3005;0;4.498000;1
3006;0;4.999000;1
3007;0;4.931000;1
3008;0;4.285000;1
3009;0;5.505000;1
3010;0;4.871000;1
3011;2041;1898.007000;1
3012;0;5.587000;1
3013;55;2011.005000;1
3014;0;5.079000;1
3015;783;2026.170000;1
3016;0;5.047000;1
3017;0;9.786000;1
3018;0;5.419000;1
3019;0;5.307000;1
3020;0;5.228000;1
3021;9418;1858.660000;1
3022;107;1948.686000;1
3023;4732;1932.574000;1
3024;0;10.524000;1
3025;24;2106.880000;1
3026;0;4.347000;1
3027;459;1893.769000;1
3028;63;1942.445000;1
3029;17;1948.154000;1
3030;1932;1926.451000;1
3031;29928;2029.496000;1
3032;33331;1908.322000;1
3033;31577;1931.543000;1
3034;39552;2043.810000;1
3035;25859;2073.755000;1
3036;39130;1889.839000;1
3037;25585;2172.600000;1
3038;28474;2055.033000;1
3039;20840;2169.464000;1
3040;18069;2108.718000;1
3041;39714;2020.490000;1
3042;39269;1889.378000;1
3043;31913;2019.265000;1
3044;32869;1985.082000;1
3045;32705;2032.282000;1
3046;45552;1942.943000;1
3047;29992;2021.573000;1
3048;31418;1959.647000;1
3049;27111;2167.941000;1
3050;38805;1983.837000;1
3051;45312;1997.355000;1
3052;34239;2151.739000;1
3053;58079;1993.287000;1
3054;53593;1933.661000;1
3055;59973;2059.248000;1
3056;49961;1994.325000;1
3057;48713;2001.288000;1
3058;31857;2175.504000;1
3059;59674;1966.285000;1
3060;22263;2037.304000;1
3061;11521;2049.524000;1
3062;738;2161.094000;1
3063;6055;1850.245000;1
3064;5517;1981.195000;1
3065;6930;1859.270000;1
3066;1965;1963.324000;1
3067;6615;1825.878000;1
3068;1406;2133.382000;1
3069;3662;2081.591000;1
3070;6963;2087.234000;1
3071;11657;2156.127000;1
3072;3928;1982.386000;1
3073;2035;2150.163000;1
3074;17255;1934.385000;1
3075;1677;2064.744000;1
3076;13284;1802.371000;1
3077;4215;1978.306000;1
3078;15277;1893.179000;1
3079;13589;1993.354000;1
3080;7693;1935.278000;1
3081;8111;2115.136000;1
3082;27679;1981.763000;1
3083;6047;2092.931000;1
3084;20939;1894.219000;1
3085;7016;1967.823000;1
3086;23192;1952.694000;1
3087;13692;2047.770000;1
3088;29627;1971.825000;1
3089;5154;2051.399000;1
3090;25908;1977.588000;1
3091;53230;2117.681000;1
3092;45258;2065.302000;1
3093;32267;2176.226000;1
3094;37024;2123.028000;1
3095;49395;2101.378000;1
3096;43355;2156.214000;1
3097;39237;1988.134000;1
3098;22415;2122.985000;1
3099;39029;2101.089000;1
3100;56239;2159.309000;1
3101;61281;2037.611000;1
3102;34699;2186.380000;1
3103;89011;2027.661000;1
3104;45648;2193.354000;1
3105;71725;1955.304000;1
3106;37809;2208.306000;1
3107;72206;1991.127000;1
3108;52502;1994.254000;1
3109;72209;1887.006000;1
3110;46251;2140.410000;1
3111;83876;1898.491000;1
3112;78670;2025.543000;1
3113;67108;2008.806000;1
3114;51088;2031.365000;1
3115;59993;1984.296000;1
3116;51382;2143.292000;1
3117;60900;2078.201000;1
3118;62461;2051.628000;1
3119;64862;1997.284000;1
3120;66228;1893.970000;1
3121;0;5.871000;1
3122;0;5.637000;1
3123;0;6.052000;1
3124;0;6.011000;1
3125;0;6.140000;1
3126;0;5.880000;1
3127;0;5.685000;1
3128;0;5.653000;1
3129;0;6.294000;1
3130;0;5.753000;1
3131;0;5.625000;1
3132;0;6.030000;1
3133;0;5.825000;1
3134;606;2396.092000;1
3135;0;5.970000;1
3136;0;6.511000;1
3137;0;6.465000;1
3138;300;2298.900000;1
3139;0;12.027000;1
3140;812;2251.145000;1
3141;1168;2381.711000;1
3142;0;5.796000;1
3143;8428;2268.123000;1
3144;360;2386.129000;1
3145;7307;2338.619000;1
3146;0;13.392000;1
3147;7905;2362.769000;1
3148;8949;2268.772000;1
3149;16146;2226.056000;1
3150;712;2546.741000;1
3151;23668;2350.724000;1
3152;21874;2312.576000;1
3153;25890;2411.511000;1
3154;11446;2384.252000;1
3155;30148;2323.380000;1
3156;16942;2479.350000;1
3157;23104;2360.669000;1
3158;15393;2367.283000;1
3159;24727;2311.494000;1
3160;10953;2316.281000;1
3161;43468;2322.067000;1
3162;30842;2299.833000;1
3163;41393;2344.191000;1
3164;44174;2315.064000;1
3165;30051;2301.751000;1
3166;21631;2462.912000;1
3167;29024;2352.366000;1
3168;39921;2313.202000;1
3169;24644;2349.063000;1
3170;31433;2416.545000;1
3171;49708;2402.638000;1
3172;41740;2385.466000;1
3173;34901;2404.253000;1
3174;46713;2497.425000;1
3175;43729;2463.639000;1
3176;41854;2408.226000;1
3177;45216;2437.447000;1
3178;35650;2446.921000;1
3179;24846;2484.402000;1
3180;53567;2440.006000;1
3181;4188;2308.711000;1
3182;6088;2273.647000;1
3183;1853;2333.743000;1
3184;3741;2355.930000;1
3185;1131;2406.909000;1
3186;4356;2293.006000;1
3187;4929;2409.301000;1
3188;4627;2322.700000;1
3189;466;2321.112000;1
3190;1814;2428.301000;1
3191;15060;2322.173000;1
3192;17149;2203.408000;1
3193;7310;2341.736000;1
3194;4465;2333.232000;1
3195;14831;2454.825000;1
3196;2516;2514.442000;1
3197;9003;2435.304000;1
3198;4882;2369.702000;1
3199;5642;2428.463000;1
3200;3781;2446.273000;1
3201;6607;2361.631000;1
3202;20692;2367.108000;1
3203;24023;2293.466000;1
3204;31048;2297.647000;1
3205;13689;2332.623000;1
3206;7053;2364.504000;1
3207;12253;2287.278000;1
3208;6562;2404.099000;1
3209;20697;2376.658000;1
3210;14461;2386.075000;1
3211;36718;2405.871000;1
3212;33654;2374.895000;1
3213;58104;2271.779000;1
3214;29848;2301.861000;1
3215;33183;2370.188000;1
3216;35431;2291.820000;1
3217;45480;2291.504000;1
3218;53468;2547.009000;1
3219;27609;2387.777000;1
3220;39081;2347.915000;1
3221;47437;2439.943000;1
3222;63999;2399.558000;1
3223;36355;2271.267000;1
3224;59104;2579.808000;1
3225;84622;3111.093000;1
3226;52110;2904.422000;1
3227;30753;2417.068000;1
3228;44654;2468.454000;1
3229;42631;2424.632000;1
3230;67091;2581.706000;1
3231;33045;3179.301000;1
3232;46363;2636.239000;1
3233;63349;2415.314000;1
3234;60892;2901.434000;1
3235;61103;3170.454000;1
3236;65729;2491.107000;1
3237;69934;2970.652000;1
3238;87107;3096.101000;1
3239;39782;2610.622000;1
3240;65589;2332.408000;1
3241;0;6.510000;1
3242;0;7.002000;1
3243;0;6.912000;1
3244;0;6.523000;1
3245;0;5.792000;1
3246;0;6.573000;1
3247;0;6.847000;1
3248;0;6.394000;1
3249;0;6.302000;1
3250;0;6.343000;1
3251;335;2729.265000;1
3252;0;7.193000;1
3253;304;2518.089000;1
3254;0;7.254000;1
3255;2279;2523.685000;1
3256;0;6.510000;1
3257;1115;2946.953000;1
3258;0;8.391000;1
3259;4484;3240.212000;1
3260;3967;3226.177000;1
3261;10077;3311.264000;1
3262;3896;3320.629000;1
3263;263;3368.079000;1
3264;3863;3294.854000;1
3265;6125;3289.747000;1
3266;10474;3286.907000;1
3267;175;3384.789000;1
3268;11133;3282.615000;1
3269;72;3384.940000;1
3270;9660;3241.460000;1
3271;12689;3213.319000;1
3272;24453;3189.532000;1
3273;14843;3329.033000;1
3274;24817;3278.371000;1
3275;11234;3169.613000;1
3276;28135;3226.139000;1
3277;19093;3310.419000;1
3278;21756;3223.562000;1
3279;22785;3279.645000;1
3280;22352;3195.241000;1
3281;27100;3304.511000;1
3282;27657;3368.037000;1
3283;27389;3327.719000;1
3284;30958;3343.796000;1
3285;31078;3336.051000;1
3286;34414;3326.542000;1
3287;42832;3303.473000;1
3288;19427;3321.968000;1
3289;30995;3316.329000;1
3290;35183;3335.720000;1
3291;47844;3282.136000;1
3292;24918;3529.507000;1
3293;45006;3312.138000;1
3294;32271;3353.509000;1
3295;50635;3399.901000;1
3296;20544;3396.647000;1
3297;66447;3188.190000;1
3298;20512;3367.172000;1
3299;62087;3364.634000;1
3300;24094;3359.692000;1
3301;6282;3111.063000;1
3302;4132;3276.943000;1
3303;8732;3170.582000;1
3304;2443;3199.330000;1
3305;4476;3204.474000;1
3306;598;3364.837000;1
3307;6220;3299.230000;1
3308;7714;3180.816000;1
3309;3944;3193.393000;1
3310;9322;3259.024000;1
3311;10762;3273.199000;1
3312;21693;3320.229000;1
3313;6311;3324.531000;1
3314;8023;3195.769000;1
3315;8687;3181.736000;1
3316;6160;3237.936000;1
3317;4590;3319.120000;1
3318;12716;3290.437000;1
3319;1462;3301.476000;1
3320;20385;3353.119000;1
3321;14037;3469.147000;1
3322;20778;3388.432000;1
3323;9148;3352.890000;1
3324;26515;3293.989000;1
3325;5632;3467.023000;1
3326;15070;3377.224000;1
3327;9454;3224.275000;1
3328;11876;3371.521000;1
3329;3371;3490.160000;1
3330;24053;3188.805000;1
3331;35491;3325.421000;1
3332;33341;3253.957000;1
3333;53125;3320.758000;1
3334;29529;3317.950000;1
3335;39649;3334.992000;1
3336;41763;3243.675000;1
3337;39546;3270.678000;1
3338;57772;3352.782000;1
3339;45029;3247.755000;1
3340;37994;3295.122000;1
3341;55523;3287.263000;1
3342;38485;3271.738000;1
3343;46367;3370.299000;1
3344;29335;3386.533000;1
3345;32148;3340.636000;1
3346;44209;3389.642000;1
3347;55425;3274.113000;1
3348;37306;3500.416000;1
3349;44233;3400.701000;1
3350;47485;2993.405000;1
3351;63165;3007.890000;1
3352;83137;2911.508000;1
3353;62330;3457.656000;1
3354;80105;3296.482000;1
3355;70150;3279.922000;1
3356;71801;2579.176000;1
3357;61505;3137.444000;1
3358;73715;3525.947000;1
3359;59920;3387.731000;1
3360;71121;3326.435000;1
3361;40;4576.177000;1
3362;56;4989.003000;1
3363;13112;4806.792000;1
3364;647;4793.281000;1
3365;1429;3951.394000;1
3366;203;3715.237000;1
3367;5422;3528.207000;1
3368;7503;3578.966000;1
3369;0;9.115000;1
3370;933;4039.011000;1
3371;27924;3765.954000;1
3372;20799;4529.830000;1
3373;5661;3617.813000;1
3374;18799;3973.793000;1
3375;39228;4196.686000;1
3376;17425;3994.565000;1
3377;19857;3635.329000;1
3378;33905;3663.644000;1
3379;17278;3898.077000;1
3380;20131;3874.748000;1
3381;27753;3979.821000;1
3382;34274;3668.472000;1
3383;30285;3882.543000;1
3384;26635;3662.632000;1
3385;28968;3720.176000;1
3386;43434;3690.039000;1
3387;31410;3629.479000;1
3388;23078;3806.486000;1
3389;31062;3755.989000;1
3390;45131;3732.183000;1
3391;55664;3952.590000;1
3392;49869;4010.438000;1
3393;44904;3822.394000;1
3394;66823;4483.960000;1
3395;67459;4391.112000;1
3396;42533;3720.752000;1
3397;53456;4213.505000;1
3398;67141;4445.190000;1
3399;59960;3605.392000;1
3400;37233;4513.779000;1
3401;87452;4060.189000;1
3402;71450;4074.026000;1
3403;92028;4264.275000;1
3404;65391;4567.292000;1
3405;79253;4848.112000;1
3406;74513;4459.524000;1
3407;71929;3743.847000;1
3408;76480;4381.780000;1
3409;88287;4084.295000;1
3410;83918;3991.388000;1
3411;116811;3774.820000;1
3412;80288;3811.421000;1
3413;89463;3985.792000;1
3414;104356;3745.123000;1
3415;116215;3699.472000;1
3416;106738;3866.511000;1
3417;97825;3713.660000;1
3418;128288;3823.380000;1
3419;62950;3853.510000;1
3420;101209;3700.840000;1
3421;15265;4070.513000;1
3422;22676;3817.020000;1
3423;19876;3640.355000;1
3424;12171;3909.275000;1
3425;17780;3641.114000;1
3426;19767;3678.457000;1
3427;16753;3922.032000;1
3428;27944;3554.693000;1
3429;18928;3668.946000;1
3430;24538;3797.174000;1
3431;36444;3733.230000;1
3432;38988;3663.251000;1
3433;16734;3728.191000;1
3434;48566;3571.449000;1
3435;60182;3618.662000;1
3436;21308;4019.608000;1
3437;25842;3794.388000;1
3438;22693;3961.116000;1
3439;39955;3669.176000;1
3440;18776;3936.721000;1
3441;45711;3813.551000;1
3442;24444;3845.779000;1
3443;47757;3813.212000;1
3444;46417;3790.945000;1
3445;53856;3736.747000;1
3446;40339;3989.175000;1
3447;55277;3668.327000;1
3448;35238;3714.945000;1
3449;60968;3777.132000;1
3450;28300;3823.985000;1
3451;70883;3731.839000;1
3452;55750;3701.735000;1
3453;59930;3685.860000;1
3454;78366;3867.192000;1
3455;49439;3883.738000;1
3456;52737;3843.902000;1
3457;46918;3967.359000;1
3458;99972;3571.431000;1
3459;56488;4027.276000;1
3460;75361;3887.094000;1
3461;97334;3721.694000;1
3462;133839;3678.119000;1
3463;61689;3823.658000;1
3464;122904;3655.396000;1
3465;83902;3944.282000;1
3466;94566;3680.344000;1
3467;110139;3973.661000;1
3468;123735;3541.259000;1
3469;74832;3731.949000;1
3470;83451;3782.275000;1
3471;113798;3789.351000;1
3472;165969;3588.665000;1
3473;122917;3667.537000;1
3474;143081;3573.197000;1
3475;129711;3774.914000;1
3476;123225;3739.723000;1
3477;133692;3682.873000;1
3478;105690;3977.713000;1
3479;119465;3766.650000;1
3480;114026;3671.002000;1
3481;933;4039.582000;1
3482;2762;4116.487000;1
3483;2151;4401.242000;1
3484;11485;4194.375000;1
3485;376;4331.217000;1
3486;0;10.557000;1
3487;2905;3941.074000;1
3488;15588;3973.478000;1
3489;0;8.780000;1
3490;0;11.108000;1
3491;27189;4077.676000;1
3492;21060;4087.772000;1
3493;14342;4127.077000;1
3494;7951;4477.330000;1
3495;15228;4459.635000;1
3496;10672;4457.346000;1
3497;25026;4461.496000;1
3498;23163;3970.895000;1
3499;13336;3963.586000;1
3500;18553;3976.581000;1
3501;30884;4045.512000;1
3502;31084;4147.548000;1
3503;42784;4192.540000;1
3504;31765;4124.334000;1
3505;38165;4459.337000;1
3506;20581;4416.474000;1
3507;40814;4438.204000;1
3508;21947;4494.762000;1
3509;28126;4061.966000;1
3510;35789;3958.857000;1
3511;63673;3965.296000;1
3512;43573;3979.310000;1
3513;49424;4091.482000;1
3514;42837;4131.672000;1
3515;39591;4100.798000;1
3516;41456;4185.747000;1
3517;60639;4282.281000;1
3518;39403;4445.159000;1
3519;30257;4426.488000;1
3520;41844;4288.002000;1
3521;90372;3963.870000;1
3522;72671;3989.361000;1
3523;75622;4062.107000;1
3524;71185;4111.695000;1
3525;85661;4015.312000;1
3526;78809;4121.070000;1
3527;53191;4180.710000;1
3528;61908;4460.596000;1
3529;78678;4371.527000;1
3530;89468;4413.742000;1
3531;94168;4435.974000;1
3532;89785;4081.409000;1
3533;114152;3952.957000;1
3534;111484;4016.099000;1
3535;107077;4211.729000;1
3536;91937;4300.473000;1
3537;117638;4238.858000;1
3538;106376;4120.339000;1
3539;64172;4590.520000;1
3540;103237;4451.004000;1
3541;15978;4480.963000;1
3542;4705;4510.831000;1
3543;18764;3948.272000;1
3544;34702;3889.930000;1
3545;15911;4052.454000;1
3546;9293;4034.061000;1
3547;29236;4139.198000;1
3548;11653;4147.319000;1
3549;14964;4067.545000;1
3550;16635;4529.877000;1
3551;21927;4542.395000;1
3552;15333;4563.856000;1
3553;49879;4417.577000;1
3554;33158;4274.479000;1
3555;32538;4232.608000;1
3556;30720;5088.179000;1
3557;32531;4764.022000;1
3558;22812;4661.026000;1
3559;21670;4011.369000;1
3560;43894;4591.327000;1
3561;39490;4335.018000;1
3562;25342;4917.201000;1
3563;59919;5110.385000;1
3564;44465;5239.347000;1
3565;26575;5724.028000;1
3566;41780;5169.156000;1
3567;64758;4500.493000;1
3568;52395;3992.262000;1
3569;43512;4125.961000;1
3570;48478;4164.354000;1
3571;75216;4215.162000;1
3572;79185;4046.312000;1
3573;63958;4616.542000;1
3574;64946;4308.045000;1
3575;74052;4482.809000;1
3576;85135;4340.088000;1
3577;90384;4207.201000;1
3578;99585;3976.567000;1
3579;77948;4043.357000;1
3580;80086;4067.287000;1
3581;89909;4204.287000;1
3582;88003;4038.395000;1
3583;102299;4127.344000;1
3584;83938;4519.760000;1
3585;53793;4607.480000;1
3586;108633;4261.910000;1
3587;93295;4377.477000;1
3588;81509;3999.288000;1
3589;72954;4119.851000;1
3590;114657;3948.614000;1
3591;132947;4055.854000;1
3592;103415;4244.512000;1
3593;109845;4246.370000;1
3594;122634;4182.424000;1
3595;112874;4264.721000;1
3596;114767;4553.691000;1
3597;95110;4511.846000;1
3598;134418;4517.309000;1
3599;98145;4050.226000;1
3600;123603;4191.894000;1
3601;9967;4352.194000;1
3602;10268;4483.259000;1
3603;7169;4662.724000;1
3604;0;11.442000;1
3605;2247;4807.259000;1
3606;3709;4690.121000;1
3607;16762;4656.630000;1
3608;316;4869.757000;1
3609;1240;4781.848000;1
3610;73;4506.202000;1
3611;28412;4435.041000;1
3612;15893;4537.315000;1
3613;15554;4579.486000;1
3614;22214;4868.161000;1
3615;12799;4870.350000;1
3616;12148;4788.766000;1
3617;13941;4795.528000;1
3618;12484;5004.853000;1
3619;13647;4916.033000;1
3620;13669;4873.054000;1
3621;34402;4965.341000;1
3622;34073;4509.598000;1
3623;22262;4690.934000;1
3624;29020;4473.325000;1
3625;31511;4584.577000;1
3626;30811;4730.679000;1
3627;42740;4833.779000;1
3628;34523;4740.250000;1
3629;24950;4760.543000;1
3630;48401;4901.098000;1
3631;40847;4841.102000;1
3632;41026;4864.930000;1
3633;38648;4472.401000;1
3634;56329;4438.957000;1
3635;32313;4538.363000;1
3636;46780;4543.041000;1
3637;34284;4903.873000;1
3638;29432;4964.490000;1
3639;58945;4759.872000;1
3640;38197;4701.737000;1
3641;64370;5054.160000;1
3642;55515;4948.248000;1
3643;62235;4988.737000;1
3644;49192;5126.807000;1
3645;86069;4479.176000;1
3646;68502;4537.268000;1
3647;68156;4578.918000;1
3648;57765;4822.889000;1
3649;47643;4939.943000;1
3650;61747;4917.468000;1
3651;100568;4810.639000;1
3652;76460;5035.707000;1
3653;122626;4934.281000;1
3654;115306;5063.350000;1
3655;110570;5074.520000;1
3656;89806;4604.775000;1
3657;68398;4660.063000;1
3658;106193;4671.795000;1
3659;122519;4562.978000;1
3660;105511;4855.120000;1
3661;14714;4825.567000;1
3662;6472;4566.823000;1
3663;10416;4853.155000;1
3664;8726;4771.545000;1
3665;19847;4756.787000;1
3666;15411;4833.066000;1
3667;5660;4575.740000;1
3668;4559;4549.712000;1
3669;9893;4532.126000;1
3670;14246;4497.426000;1
3671;20662;5001.683000;1
3672;36764;4704.641000;1
3673;33313;4813.877000;1
3674;39549;4717.616000;1
3675;28082;5024.702000;1
3676;45201;4888.030000;1
3677;26990;4902.636000;1
3678;45253;4746.105000;1
3679;25173;4480.637000;1
3680;26510;4490.053000;1
3681;38656;4623.181000;1
3682;51498;4776.016000;1
3683;58155;4854.052000;1
3684;69112;4696.525000;1
3685;26929;4774.319000;1
3686;66471;4983.651000;1
3687;24431;5096.776000;1
3688;50936;5026.331000;1
3689;43311;4947.234000;1
3690;29447;4665.019000;1
3691;54628;4567.283000;1
3692;52840;4587.984000;1
3693;64298;4572.107000;1
3694;63144;4816.626000;1
3695;62126;4779.274000;1
3696;57931;4837.892000;1
3697;94543;4847.566000;1
3698;62589;5014.316000;1
3699;74628;4851.021000;1
3700;45738;4980.319000;1
3701;88274;4525.697000;1
3702;84882;4643.726000;1
3703;101409;4506.563000;1
3704;70918;4642.966000;1
3705;99044;4776.314000;1
3706;60299;4884.433000;1
3707;96566;4826.870000;1
3708;100601;4866.243000;1
3709;73596;4981.749000;1
3710;68154;5172.841000;1
3711;108305;5023.957000;1
3712;129387;4688.033000;1
3713;117306;4637.624000;1
3714;103376;4562.521000;1
3715;92893;4671.686000;1
3716;93138;5044.040000;1
3717;116151;4813.132000;1
3718;117384;4703.565000;1
3719;101320;4870.321000;1
3720;107003;5109.810000;1
3721;1773;5322.489000;1
3722;551;5034.503000;1
3723;491;5404.266000;1
3724;718;4955.227000;1
3725;0;11.409000;1
3726;5679;5142.016000;1
3727;1667;5164.443000;1
3728;9289;4906.112000;1
3729;1227;5082.233000;1
3730;6705;5043.525000;1
3731;6242;5336.187000;1
3732;21654;5142.807000;1
3733;14220;5263.842000;1
3734;3087;5463.615000;1
3735;16440;5295.499000;1
3736;17071;5198.157000;1
3737;24246;5277.671000;1
3738;14355;5167.086000;1
3739;3340;5362.775000;1
3740;13440;5253.994000;1
3741;27277;5033.227000;1
3742;37747;5161.732000;1
3743;15657;5429.551000;1
3744;23297;5197.153000;1
3745;27481;5282.508000;1
3746;14303;5459.694000;1
3747;27821;5186.500000;1
3748;29957;5351.419000;1
3749;21764;4984.293000;1
3750;28517;5302.778000;1
3751;40688;5132.298000;1
3752;39979;5228.191000;1
3753;38669;5078.631000;1
3754;29598;5447.052000;1
3755;40638;5096.215000;1
3756;43812;5201.376000;1
3757;44771;5104.537000;1
3758;37835;5344.420000;1
3759;37908;5427.704000;1
3760;48276;5206.643000;1
3761;77207;5543.498000;1
3762;42719;6715.584000;1
3763;57813;5996.633000;1
3764;63317;5280.890000;1
3765;42079;5509.696000;1
3766;45157;5375.165000;1
3767;40881;5548.208000;1
3768;109154;5057.875000;1
3769;52118;5293.886000;1
3770;75582;5339.381000;1
3771;101345;5356.016000;1
3772;125544;5347.526000;1
3773;47448;5560.357000;1
3774;104086;5144.765000;1
3775;111428;5340.082000;1
3776;104615;5133.176000;1
3777;48264;6326.201000;1
3778;81941;6779.280000;1
3779;88861;6720.849000;1
3780;97361;6613.581000;1
3781;8222;6643.659000;1
3782;14089;6548.363000;1
3783;9825;6637.304000;1
3784;19333;6607.110000;1
3785;17910;6613.699000;1
3786;5454;6834.208000;1
3787;21604;6385.364000;1
3788;20894;6588.832000;1
3789;13190;6277.285000;1
3790;14465;6703.516000;1
3791;38008;6628.020000;1
3792;30520;6781.126000;1
3793;31604;6564.022000;1
3794;29375;6857.644000;1
3795;38312;6375.051000;1
3796;22829;6820.303000;1
3797;16969;6670.780000;1
3798;16662;6731.991000;1
3799;31172;6513.775000;1
3800;18245;7020.559000;1
3801;40899;6880.542000;1
3802;65870;6982.624000;1
3803;23903;6765.260000;1
3804;47507;6713.389000;1
3805;29875;6637.605000;1
3806;32456;6840.468000;1
3807;76285;6784.895000;1
3808;46100;6925.668000;1
